0 0.757096440625 0.1131051390625 0.7858403421875 0.1280887125 0.8061450484374999 0.1314235375 0.8269317421875 0.13719001875 0.8319559812499999 0.14538921875 0.8384519265625 0.1557371796875 0.83245365625 0.1393948390625 0.8233844359375 0.132779390625 0.8093697875 0.1292178734375 0.7857876 0.1250349046875 0.7683951125 0.1161579484375 0.7371893953125 0.099308709375 0.722248625 0.0890178578125 0.7196697828125 0.091110490625 0.7273575515624999 0.096764909375 0.757096440625 0.1131051390625
0 0.6384717265625001 0.0597311171875 0.6280100171874999 0.048874371875 0.6178181375 0.041580103125000004 0.609844509375 0.040789179687499996 0.60821895 0.0444649296875 0.6211112359375 0.047347948437499995 0.6276391265625 0.0541899484375 0.6400809609375 0.06448102343749999 0.6612541656250001 0.069851625 0.6614184171875 0.06730699999999999 0.6455504265625 0.06363235625 0.6384717265625001 0.0597311171875
0 0.5497829249999999 0.027900728125000003 0.5419839921875 0.0278448078125 0.5356463687499999 0.026657760937500004 0.533454084375 0.028354254687500004 0.5406178640625 0.0318031515625 0.5524669546875 0.03191539375 0.5596679015625 0.0334981453125 0.5664871703125 0.0371167875 0.56722885 0.0427457609375 0.566386471875 0.032649429687499995 0.5596571140625 0.0302184546875 0.5497829249999999 0.027900728125000003
0 0.42874732968749996 0.017963348437500002 0.4170281375 0.0102249671875 0.4150467546875 0.0130987390625 0.4283834625 0.020869831250000002 0.42874732968749996 0.017963348437500002
0 0.117300134375 0.1948617453125 0.1174657125 0.200506215625 0.1366653859375 0.19837427968750002 0.142449946875 0.2007439640625 0.14396082968749999 0.1985949546875 0.136657859375 0.1959669890625 0.12836765625 0.194528828125 0.117300134375 0.1948617453125
0 0.124592684375 0.24161316562500001 0.119436665625 0.25118725625 0.1268385359375 0.245127053125 0.1288337203125 0.2361064390625 0.131722871875 0.229659146875 0.1360882875 0.22348835937499997 0.1373528671875 0.21673678281250003 0.13379781562499998 0.2153158640625 0.134137690625 0.220029771875 0.1284922984375 0.228137490625 0.12392176562499999 0.236217325 0.124592684375 0.24161316562500001
0 0.2026344921875 0.2066049140625 0.20311617656249997 0.216484965625 0.199237975 0.2210031640625 0.1807050484375 0.2327822265625 0.162009709375 0.241692690625 0.1573884890625 0.245197534375 0.1453344015625 0.258498721875 0.140949753125 0.265718928125 0.144171134375 0.2771611546875 0.1494232828125 0.28896828750000003 0.149483759375 0.28864539843750003 0.153349925 0.29041829531249996 0.15016427968749999 0.2800317859375 0.1451542578125 0.271912275 0.14385009531249998 0.2664234109375 0.1449648640625 0.2629608875 0.15086348125 0.256373659375 0.16504415625 0.2441704 0.18923184375 0.230841778125 0.20418756718750003 0.219482771875 0.2059666234375 0.2124736171875 0.2031843171875 0.1974425765625 0.1927601578125 0.18709871875 0.183237884375 0.16695938125 0.1738015140625 0.16379350312500002 0.164282321875 0.1648074109375 0.1571740640625 0.16539923750000002 0.15593279531249998 0.1695371484375 0.1612025125 0.1675522046875 0.16824710468749998 0.1672983953125 0.18102389218749998 0.16881731718749998 0.1829686515625 0.1733771421875 0.18964115625 0.18756355 0.19841699375 0.195500625 0.2026344921875 0.2066049140625
0 0.161584940625 0.280073109375 0.168918696875 0.2860599359375 0.17046016875 0.2787634796875 0.177998875 0.2820984359375 0.1775047609375 0.27850967187500003 0.167973525 0.275850271875 0.1696064390625 0.273358984375 0.172255409375 0.2666876046875 0.16796255 0.26221249375 0.160364371875 0.26043966875 0.1566481109375 0.2653378734375 0.15193578125 0.27057376093749996 0.15275753125 0.2761471015625 0.161584940625 0.280073109375
0 0.7918107875 0.11715839218749999 0.7939939140625001 0.11546524843749999 0.788621815625 0.1055431359375 0.77331201875 0.086417571875 0.77186888125 0.08789564375 0.7918107875 0.11715839218749999
0 0.8100244875 0.108328290625 0.7988644328125 0.10938480312500001 0.7847473671875 0.11128590000000001 0.7684919625 0.1084160765625 0.77214046875 0.11259566562500001 0.7926698156249999 0.11381854375 0.8027979703125 0.11204450625 0.8251854828124999 0.113307325 0.8100244875 0.108328290625
0 0.7756271875 0.0852640765625 0.7851834531249999 0.0865433234375 0.7941731484375001 0.0908494015625 0.8078029375 0.10773735312499999 0.82305846875 0.10972054687499999 0.8115794390625 0.081347821875 0.8101754531250001 0.09507051562499999 0.8030201515625001 0.09093318593750001 0.7946834375 0.07940703906249999 0.79909485625 0.0907224875 0.79338269375 0.0851070828125 0.7905164 0.08422081406250001 0.7759372499999999 0.082364040625 0.7756271875 0.0852640765625
0 0.6415360625 0.088891796875 0.6251541484375001 0.07673296093750001 0.6187147171875 0.0750023328125 0.6142155578125 0.0766070921875 0.6252964953125 0.0809551890625 0.6427448796874999 0.0942673859375 0.6415360625 0.088891796875
0 0.5890281015625 0.10772713125 0.59822379375 0.0959886109375 0.6016436640625 0.088937109375 0.6086586125 0.0863523546875 0.6077045671875 0.0827299484375 0.602592690625 0.083870271875 0.59643341875 0.089359921875 0.5914796890625 0.099620346875 0.58105061875 0.10798131250000001 0.5704438078125 0.111064396875 0.5627507671875 0.1097980484375 0.5586315500000001 0.109376190625 0.564663840625 0.114527040625 0.5750176 0.1127949921875 0.5890281015625 0.10772713125
0 0.435860978125 0.1462677234375 0.44799750781250003 0.1487157484375 0.4546821 0.1566108078125 0.46190370312500006 0.1715994109375 0.46839433125 0.189247971875 0.46672529999999995 0.2006481359375 0.46991542500000005 0.2022946765625 0.4713984375 0.19313229062499998 0.46859239218750004 0.1807190984375 0.46311367812500004 0.167630475 0.45735027656250005 0.1560618 0.44804908125000004 0.1447046796875 0.43866808593749995 0.138752040625 0.43065901406249996 0.1391748765625 0.43810280625000003 0.1430165671875 0.435860978125 0.1462677234375
0 0.34165170625 0.1947331484375 0.3520487546875 0.196505690625 0.368691659375 0.19979776875 0.3838539859375 0.20321204218750002 0.3842397796875 0.2027099515625 0.3744121546875 0.197897253125 0.35541700625 0.193465515625 0.3449212890625 0.1909751421875 0.3377855421875 0.19296025 0.3323930734375 0.19684515 0.31709386875 0.20132196093750002 0.33323515000000004 0.19857614375 0.3231265484375 0.20647262031250002 0.32769619687499996 0.20697884531250002 0.34165170625 0.1947331484375
0 0.27163114374999997 0.1822335953125 0.270618459375 0.1976028546875 0.27204034374999997 0.197794015625 0.275512715625 0.1889045625 0.279225175 0.1827820484375 0.285353153125 0.1774613734375 0.282447371875 0.17429482031250002 0.27163114374999997 0.1822335953125
0 0.22861925468750002 0.630818225 0.23155306874999998 0.6293291156249999 0.226127275 0.6140436140625 0.22333399687500002 0.61478240625 0.22426439999999997 0.62087795625 0.22789281562500002 0.62709053125 0.22466786718749998 0.6297868171875 0.217127784375 0.629248203125 0.21067430625 0.6277481515625001 0.1905468171875 0.620774934375 0.19080781093750002 0.624221421875 0.20093473125 0.6265065296875 0.214471625 0.63098334375 0.22046004843749997 0.632201996875 0.22861925468750002 0.630818225
0 0.11752999687500001 0.78658356875 0.11341353437499999 0.795422746875 0.1200251515625 0.7960784984375 0.12609519375 0.783722825 0.1348672203125 0.7783766015625 0.140416678125 0.770874040625 0.14113695937499998 0.7614960328125 0.13766712187500002 0.7489062750000001 0.1309266140625 0.741334428125 0.11515705624999999 0.7425547453125 0.0833384671875 0.75270864375 0.049629971875 0.7694977953125 0.0457142578125 0.7714281125 0.0459674484375 0.7757006890625 0.0462032921875 0.7760392359375 0.067033 0.7650888124999999 0.0810115796875 0.7568351140625 0.091750328125 0.7520515546875 0.1115963375 0.7463531031249999 0.1237002859375 0.7439606125 0.125431953125 0.7437026078125 0.13147740624999998 0.745999890625 0.136422428125 0.7507117578125 0.1372932296875 0.7661147703125 0.13791662031250002 0.7710851375 0.13488923749999998 0.774109734375 0.12672755625 0.7803466484375 0.11752999687500001 0.78658356875
0 0.11339131093749999 0.73244778125 0.117858578125 0.72726620625 0.1188290390625 0.723468021875 0.11303371874999998 0.726750821875 0.1080111984375 0.731440078125 0.10237833125 0.7352386390625 0.093736125 0.7364349328124999 0.086889846875 0.734958321875 0.0849294765625 0.7364354640624999 0.08672288125 0.7386159609375 0.09477874375 0.7384745390624999 0.109449896875 0.7362049500000001 0.11339131093749999 0.73244778125
0 0.07479582343749999 0.740236690625 0.0736150453125 0.739627209375 0.0681427453125 0.7377285859375 0.06709328437499999 0.739182315625 0.0614828265625 0.7387138156249999 0.0599855265625 0.7397923578125 0.062244375 0.7422540609375 0.07438542031249999 0.7403541171875 0.07479582343749999 0.740236690625
0 0.339944234375 0.7896096421875 0.3494346046875 0.768672725 0.3458435796875 0.768485453125 0.3372282 0.7857886093750001 0.339944234375 0.7896096421875
0 0.366062309375 0.77324311875 0.37212255 0.7802994953125 0.37354103125 0.7872479140624999 0.3760144328125 0.7851054140625 0.3742868828125 0.7811902109375 0.3691902671875 0.7738289890625001 0.3655533671875 0.770429815625 0.3610446921875 0.7682263453125 0.3608514421875 0.7692580984374999 0.366062309375 0.77324311875
0 0.55483178125 0.8151115265625 0.5495224140625 0.8270923609375 0.5305878015625 0.8370033031249999 0.5238406531249999 0.8426320390625 0.5222928265625 0.8497271484375 0.5271799390624999 0.8575352640625 0.550110071875 0.8788978171874999 0.5673406328125 0.88393026875 0.572591834375 0.8827803296875001 0.5732748359375 0.8791337921875 0.5462065671875 0.8670069390625 0.5379755140625 0.8618549640625 0.5428186765625 0.8558693406250001 0.550861203125 0.8491700828125 0.5554113453125 0.8459195140625001 0.5637316218749999 0.8412415984375 0.5783687359374999 0.8379110140625 0.5831042281250001 0.8360083078124999 0.5891500203125 0.82827861875 0.5754927421875 0.83573136875 0.5629081546875 0.8386257796875001 0.53530743125 0.8585652921875001 0.5256367171874999 0.8470712625000001 0.5429312484375 0.8342276375000001 0.5575050328125 0.8300645718749999 0.5582704078125 0.814289190625 0.55483178125 0.8151115265625
0 0.6501874671875 0.8209495703125 0.647299678125 0.8340300140625001 0.61542069375 0.8382339906249999 0.614210821875 0.8376792937499999 0.6040387328125 0.8393843343749999 0.5969023906250001 0.8365706312500001 0.5985162890625 0.8408118234374999 0.610239725 0.8425151078124999 0.645046828125 0.8378750453125001 0.6450944 0.8528181671875 0.6497356078125 0.850540396875 0.6531489171875 0.8215042531250001 0.6501874671875 0.8209495703125
0 0.5909830671875 0.836610903125 0.6382632171875 0.8320093859375 0.645277096875 0.824662509375 0.6398551890624999 0.8293534499999999 0.589101546875 0.8337966421875 0.5547290109375 0.83261040625 0.5532261640625 0.8347905046875 0.5909830671875 0.836610903125
0 0.726924415625 0.7881875515625001 0.7312555078125 0.7918153578125 0.7152050109375 0.7982087250000001 0.70857434375 0.801124778125 0.7071821453125 0.8056928359375 0.708276903125 0.8084463546875 0.713342628125 0.8024203296874999 0.7233548843750001 0.799601146875 0.7155411734375 0.8107459140625 0.7089466265625 0.8172902140625 0.7053582484375001 0.82068414375 0.6760590203125 0.805136540625 0.7007752015625 0.8231788296874999 0.719231934375 0.8225697609375 0.7263202125 0.8224640578125 0.7239664625 0.8273885203125 0.7082028890625 0.8303375484375 0.69468754375 0.8260625296875 0.6794915859375 0.8288497484375 0.7059673531249999 0.8336746375 0.7365962749999999 0.8263586328124999 0.7441123078125 0.8301808062499999 0.7499420078125001 0.8315411015624999 0.7449617921875 0.8256454218749999 0.733050921875 0.8214025359375 0.7370881765624999 0.8180007328125001 0.7401610953125 0.8140158609375 0.7399154765625 0.8067268953125 0.738584528125 0.7995027640625 0.735730271875 0.7946761125 0.7362129484375 0.7911447703125 0.74236689375 0.7936388109375 0.755124225 0.800052203125 0.7624556515625 0.7924385843749999 0.76456384375 0.7878708375000001 0.7525251421875 0.7900420796875001 0.7473323625 0.787191828125 0.7465774171875 0.7826240531249999 0.7504236328125 0.78119843125 0.7598898593750001 0.785117490625 0.767013775 0.7814785390625001 0.7711783249999999 0.7793076484375 0.77595221875 0.7824818890625 0.7851638546874999 0.78393911875 0.7912483875 0.7801158828125 0.8000140625000001 0.7648467125 0.8059504046875 0.75321625 0.7980795703125 0.746511034375 0.7889833203125 0.7425272109375001 0.7902207046874999 0.751209009375 0.794454665625 0.755355396875 0.795685753125 0.7621583765625 0.78471689375 0.7545576031250001 0.792227015625 0.7605609375 0.779745228125 0.7708313687499999 0.76919634375 0.7602711875 0.7616198828125 0.75295054375 0.760567203125 0.7557040234375 0.7793715421875 0.77760189375 0.7671746500000001 0.7777528625000001 0.7561276703125 0.7813171921875 0.745851784375 0.7788560015625 0.7401216625 0.7855624734375 0.732408684375 0.7818374734375 0.7179953390625 0.78235686875 0.701598115625 0.7800905390625 0.6894445171875 0.7771435875 0.6729778828125 0.7685599796875 0.6681126234375 0.7754281765625 0.676247271875 0.7797686640625 0.680629471875 0.7917220171875 0.6843819671875 0.7841088921875 0.6815703203125001 0.7771441968749999 0.7001996687500001 0.782779521875 0.7176583078125 0.785110596875 0.696353796875 0.7842052078124999 0.69729978125 0.786796803125 0.717178803125 0.78958121875 0.726924415625 0.7881875515625001
0 0.6512386953125 0.817674503125 0.6495281359375 0.8116100625 0.642559128125 0.8043967984375 0.6344290484374999 0.7835086390625 0.636993615625 0.7826761078125 0.6445232171875 0.7857276453125001 0.6508357984375001 0.7859252078125001 0.6569188375 0.78033599375 0.659502446875 0.7665421343750001 0.656032184375 0.76753338125 0.65322265625 0.77668984375 0.6472584015625 0.7816448703125001 0.6395470249999999 0.7783951078125 0.6339022234375 0.7793071484375 0.6322283703125 0.784737684375 0.6368221187499999 0.795280790625 0.6402990843749999 0.80594280625 0.6482997625 0.8146621875 0.644603090625 0.8203702859374999 0.638658071875 0.821718359375 0.6383053375000001 0.8247703156249999 0.644610675 0.8226691125000001 0.6512386953125 0.817674503125
0 0.549387603125 0.7123747984375 0.551906703125 0.7258115218750001 0.5558957109375 0.73607718125 0.544145553125 0.7543904453125 0.536741440625 0.762357984375 0.546553109375 0.7707601234375 0.542152296875 0.76386370625 0.549997921875 0.7523683125 0.5591095125 0.73996133125 0.55916936875 0.7302901187499999 0.5557666015625 0.723908725 0.553410384375 0.714277240625 0.5531283734375 0.7111061296875001 0.549387603125 0.7123747984375
0 0.48341446718750003 0.7817088796875 0.48402625625000006 0.7936396578125 0.48493865156249993 0.8051342078125 0.491810846875 0.819878534375 0.5026689703125 0.8343846359375 0.51492403125 0.8503245500000001 0.5171714921875 0.8457991421875001 0.5105733265625 0.84128083125 0.4952216921875 0.8192045109375 0.48756621093749997 0.805134090625 0.4876379609375 0.7802022734375 0.48341446718750003 0.7817088796875
0 0.27575866875 0.724313078125 0.347624403125 0.729896346875 0.3482060859375 0.7259142062499999 0.274994275 0.72137996875 0.27575866875 0.724313078125
0 0.43629368749999997 0.643428209375 0.4462321703125 0.644140996875 0.44148185 0.6414461124999999 0.3757551703125 0.6241290937499999 0.36273995625 0.619969071875 0.36535982968749997 0.627024178125 0.373791503125 0.62876761875 0.43629368749999997 0.643428209375
0 0.41856845624999994 0.6632480953125001 0.432110078125 0.6669331625 0.4371239765625 0.664604540625 0.4340925203125 0.6540114984375001 0.4171477859375 0.6439449734375 0.40847492343749997 0.642320534375 0.4192444109375 0.647948228125 0.43241474999999996 0.65829233125 0.4304957890625 0.6626921640625001 0.41822702968750003 0.6603942093749999 0.41856845624999994 0.6632480953125001
0 0.43034827499999995 0.644776478125 0.4173515359375 0.6510400656249999 0.4193518890625 0.6532198796875 0.4288823328125 0.6490969828125001 0.4363899578125 0.6452516515625 0.4389725859375 0.6501662859375 0.44517854999999995 0.648011290625 0.43907331093749996 0.643784928125 0.43034827499999995 0.644776478125
0 0.382911946875 0.6572260234375 0.38326830156249997 0.6553234484375 0.40472642187499996 0.6506446859375 0.40353906093749997 0.64763235625 0.38178038124999997 0.6527470859375 0.37848504374999997 0.6516376015625001 0.3982045953125 0.644550078125 0.37892685625 0.648110065625 0.37271783593749996 0.6520344515625001 0.337532696875 0.6516805390625 0.3362707 0.6537415734375001 0.34361128124999996 0.654296125 0.369463021875 0.6542147578125 0.34278291875 0.6692390921875 0.3511218921875 0.67030873125 0.37538591875 0.6553241234375 0.382911946875 0.6572260234375
0 0.38882775937499997 0.5876506859374999 0.3661151796875 0.5966895671875 0.3629269765625 0.6008516687500001 0.382633521875 0.596172921875 0.3947803640625 0.588601440625 0.4019767609375 0.5723893640625 0.40486851562500004 0.560458365625 0.39963958437499997 0.55873613125 0.398975278125 0.5591906453125 0.38882775937499997 0.5876506859374999
0 0.48480552968749996 0.6524148656250001 0.4686590078125 0.636917971875 0.44858416874999996 0.592130025 0.45133888281249995 0.5657316781249999 0.4647289296875 0.5597056640625 0.4852496796875 0.5670457109375 0.4919793171875 0.5720308078125 0.495427259375 0.5641426218750001 0.4825200859375 0.5605763890625 0.4670486875 0.5578427515625 0.4542486484375 0.559548103125 0.44693366250000005 0.567039803125 0.445143615625 0.5929626609375 0.4489283859375 0.6054874734375 0.468736778125 0.6423482375 0.48480552968749996 0.6524148656250001
0 0.5101662218749999 0.6783352171875 0.49608661718749997 0.6670001906249999 0.49388696718749997 0.649520484375 0.501840025 0.6432969984375 0.5120279203125 0.6274810578125 0.5095452328125 0.625538990625 0.506089753125 0.6311280890625001 0.50007366875 0.6386991640625 0.49187579843749996 0.6438922703125 0.49088411406250004 0.6550304515625001 0.4928281796875 0.6680311140625 0.5022012953125 0.678192234375 0.5101662218749999 0.6783352171875
0 1 0.1504142390625 0.9937747046875 0.151394615625 0.9890647296875 0.1499793859375 0.9848293328125 0.13137399375 0.978963865625 0.14888704531250002 0.9733089515625 0.1430305015625 0.963134521875 0.14991999375 0.9576161203125 0.156615484375 0.9536467265624999 0.15693809375 0.9503214609375 0.1595135140625 0.9459008515624999 0.15655336250000002 0.9447319406249999 0.1589996296875 0.9424309031250001 0.1599012453125 0.9028473671875 0.1505927671875 0.8919557953125 0.1683006 0.9254651234375 0.1634689015625 0.9468276796874999 0.1672233375 0.9608494265624999 0.1767613078125 0.9711257328125 0.1799203296875 0.9805533765625001 0.18761035937499998 0.9812621234375 0.196135840625 0.9410551249999999 0.18045908125000001 0.9700529890625 0.199714040625 0.9805867484374999 0.219907703125 0.9827934984375 0.2308931 1 0.23969629218750002 1 0.1504142390625
0 0.95198326875 0.12597666406250002 0.9528088625000001 0.1234660953125 0.9511233421874999 0.11728694375 0.949202403125 0.11426194375000001 0.9466487828125001 0.11271756562499999 0.9386560453125 0.11175355625000001 0.9279535609374999 0.1062841984375 0.9173107484375 0.1042907859375 0.901523909375 0.10319953281250001 0.8976084671875 0.10513137187499999 0.8967885953125 0.1095086546875 0.8981847515625001 0.11723273125 0.900846271875 0.12199556874999999 0.8965564515625 0.129720734375 0.9125137171875 0.13239319375 0.9250729171875 0.139188978125 0.9304401625000001 0.1499262671875 0.9519554328125001 0.150395128125 0.9692379062500001 0.142524115625 0.9857505828124999 0.1211791625 0.9645827062500001 0.13572797187500002 0.9533903515625 0.1444928734375 0.9431695484375 0.144553153125 0.9395584781249999 0.1374587125 0.9440134234374999 0.13247951875 0.9428467828124999 0.128694428125 0.95198326875 0.12597666406250002
0 0.6621686062500001 0.453351378125 0.6686262234375 0.4492304890625 0.6712226078125 0.4489737359375 0.6785390515625 0.4443562 0.68610225 0.4351181046875 0.6925427140625 0.423993040625 0.6961332312499999 0.4200014421875 0.6969048734375 0.41588164375 0.693593503125 0.40699928124999996 0.68898694375 0.37510441562499997 0.68307431875 0.3874032234375 0.685998240625 0.39565625312499997 0.6836680796875 0.42002887187500004 0.6825829625 0.4342992921875 0.675534896875 0.44085539531249995 0.6631164218750001 0.44846555 0.6475659125 0.4529445984375 0.6128932796875 0.4645620359375 0.5926962234375 0.46968914687499996 0.577746103125 0.47326600625 0.54825849375 0.472042978125 0.52952044375 0.46903517343749995 0.529984875 0.4729190140625 0.5437173984375 0.4743744140625 0.5621128875 0.4747981046875 0.5802218703124999 0.4759565 0.60183073125 0.4700346671875 0.6128279453125 0.46784212500000005 0.6202444640625 0.4651207046875 0.6466692546874999 0.45621023593750004 0.6569281250000001 0.454768515625 0.6621686062500001 0.453351378125
0 0.35938367968749996 0.8589956953125 0.3340260671875 0.86268661875 0.353421271875 0.86792701875 0.3687178140625 0.8635573828125 0.3967983921875 0.8438980421875 0.4045954140625 0.86525339375 0.41336580625 0.8670970562500001 0.41029891406249996 0.8562738421875 0.402601534375 0.8429754140625001 0.3993845296875 0.831521215625 0.39173196718750003 0.8322984 0.38035196875 0.8472484781249999 0.35835268125 0.8487547624999999 0.35810710625 0.852928853125 0.3742989359375 0.8509376937500001 0.35938367968749996 0.8589956953125
0 0.776006615625 0.316093678125 0.780861275 0.31673644375 0.7877161593750001 0.3142890859375 0.7950222640625 0.3151244875 0.798497934375 0.31364332031250003 0.7997943609375 0.3048244453125 0.7974647109374999 0.2963924828125 0.800693521875 0.2943320390625 0.7916103390625 0.2574500359375 0.7953271484375 0.2546814328125 0.789726184375 0.25043411875 0.7852802359375 0.255198315625 0.7808171203125001 0.25436237031250003 0.779594259375 0.25519940937499996 0.77935639375 0.2735447734375 0.7767946015625 0.28532488906250003 0.777563796875 0.2963963015625 0.776006615625 0.316093678125
0 0.96777015625 0.3509451703125 0.9744378546875 0.351394478125 0.9771304359374999 0.35029967812499996 0.9797690687499999 0.3475956515625 0.9796072171875 0.34276796875 0.9847340750000001 0.3362656609375 0.9791367640624999 0.328908203125 0.9688058484375001 0.323509775 0.9631026984375 0.3158294578125 0.9575847718749999 0.31164726875 0.955662728125 0.308453621875 0.9547371968749999 0.30479471406249997 0.9488215265625 0.309816671875 0.9407862859374999 0.310976865625 0.9277943078125 0.3092161484375 0.9204531328125001 0.314768271875 0.9395805921875 0.3174140515625 0.9347373781250001 0.32050471875 0.932478846875 0.31928213125 0.9313042109375 0.3198616828125 0.9257800859374999 0.3246904578125 0.926425996875 0.3344640109375 0.9447751484375001 0.3284548109375 0.9504636515625 0.3317244015625 0.9475439671875 0.34282741875 0.9385146828125001 0.353461196875 0.9419421265624999 0.35223751875 0.9468989656250001 0.3542320234375 0.9503746359375 0.3527508578125 0.955030659375 0.35255685468750003 0.9635653468750001 0.354421934375 0.96777015625 0.3509451703125
0 0.9054304296875 0.4181589296875 0.9009730359375 0.4191896984375 0.895786503125 0.4222160625 0.8925634171875 0.42614322343750005 0.8872150359375001 0.42434190312500003 0.88275764375 0.42537266875 0.88242005 0.42717508125 0.8718311875 0.42679089687499994 0.8707415640624999 0.42312204218750005 0.8669168546874999 0.4226721890625 0.8674702484375001 0.42730669062500004 0.8545067828124999 0.43580595625 0.850060834375 0.4405701546875 0.8470053203125 0.451191715625 0.8475047640625 0.4542169875 0.862542846875 0.4668949015625 0.8651332515625001 0.46444836250000004 0.8724279109375 0.4615503328125 0.874867909375 0.45800953906249997 0.9015926484375001 0.461415996875 0.905266953125 0.460771596875 0.907477259375 0.462251671875 0.9090066531250001 0.4654698546875 0.9117531859374999 0.465984284375 0.92194478125 0.4646949375 0.926498628125 0.4631491953125 0.9216864765624999 0.460382228125 0.9223616640625 0.4567774046875 0.9330298140625001 0.45104646875 0.937047434375 0.450466371875 0.9461100328125 0.43731522500000003 0.9620421390624999 0.4310779109375 0.9667779781249999 0.42828162656249996 0.977912078125 0.407565696875 0.9771468921875 0.4000890640625 0.9715221250000001 0.391626 0.9851055125 0.3741574265625 0.9865971968749999 0.36619334062500003 0.9713478671875 0.35141032656250004 0.9783393765625 0.3678038421875 0.97211185625 0.3785642125 0.9656231156249999 0.378225715625 0.949246825 0.37445693125 0.9364317328125 0.374161359375 0.9468430187499999 0.379794721875 0.968573790625 0.38246169375 0.967050371875 0.39059520625 0.9539021062499999 0.397077746875 0.9469332015624999 0.3980525453125 0.94124443125 0.39719011718749997 0.92632861875 0.37562905625 0.92509863125 0.3846946484375 0.9339189734375 0.3975717546875 0.933843090625 0.4042226890625 0.9307475671875001 0.4101078796875 0.9187429343750001 0.411590684375 0.9101886328125 0.41931666874999995 0.9054304296875 0.4181589296875
0 0.77035549375 0.8432256 0.7688832999999999 0.840199096875 0.7557299078125 0.8429315328125 0.761381703125 0.8497685531249999 0.77035549375 0.8432256
0 0.8121485390625001 0.7084202359375 0.805354503125 0.7064768703125 0.8038739984375001 0.7165213765625 0.7997702890625 0.734621334375 0.805438296875 0.734691503125 0.80448178125 0.7306952390625 0.8096245109375 0.7206551796875 0.83087775 0.7144767109375 0.8412183015625001 0.7060855734375 0.85203025 0.6818000265624999 0.837266528125 0.6497945265625 0.8332930656249999 0.649988978125 0.83958588125 0.665117315625 0.846310028125 0.6760341296875 0.8467463421874999 0.68134685 0.84412843125 0.688635978125 0.831197934375 0.69748096875 0.8259052890625 0.6942095640625 0.8244769125 0.6875036921875 0.8278864703125001 0.680765284375 0.8336862437500001 0.6727307265625 0.8326676734375 0.662882575 0.8257761640625001 0.6614577265625 0.822540459375 0.6529378796875001 0.8288628031249999 0.6707753328125 0.8193534890624999 0.6842850375 0.8192891625 0.6951374343750001 0.8163046390625001 0.6957855015625001 0.8121485390625001 0.7084202359375
0 0.728447603125 0.8483682703125 0.7319962703125 0.8466187968750001 0.73131415 0.841662215625 0.7401722640624999 0.8383190296875 0.7337167625000001 0.8364787843749999 0.7309350921875 0.8389086890625 0.7288754171875 0.8432174015625 0.728447603125 0.8483682703125
0 0.8041491296875 0.6295502265625 0.793990403125 0.6484376828125 0.8074484921874999 0.6501535109375001 0.8114074921875 0.6299707765625 0.8041491296875 0.6295502265625
0 0.8451425875 0.6316290265625 0.8400952625 0.63564626875 0.8298918125 0.6327964640625 0.826789071875 0.63503190625 0.8385754265625 0.63898335 0.8490891265625 0.6365947015625 0.8451425875 0.6316290265625
0 0.8482813265625 0.5071558921875 0.8621229671874999 0.5166081546875 0.876603403125 0.5168992875 0.896216396875 0.519967559375 0.9100078453125 0.5253753031249999 0.9198172843749999 0.5161163078125 0.9065094515625001 0.511000903125 0.88593355625 0.5087610578125 0.8818369125000001 0.5047656546875 0.8808064453125001 0.49589740625 0.8912310281250001 0.4934115765625 0.8851359109375 0.491462928125 0.8791228171875 0.491950715625 0.878037396875 0.4891245875 0.8885216578125 0.4820095484375 0.8835444812500001 0.48127907031249995 0.8743921921875 0.48702954218750005 0.8762218953125 0.4786970046875 0.8698209406249999 0.48556807187500006 0.8723214765625 0.4779664515625 0.87989026875 0.4763577578125 0.8786404109375001 0.4686589484375 0.8780841953125 0.4608501921875 0.8545381843750001 0.4665656421875 0.8335838671875001 0.4620356 0.8112014390625 0.463694 0.793736853125 0.47071215000000005 0.8030159515624999 0.48152889375 0.7883887078125 0.4935171171875 0.7746160484375 0.482262234375 0.7648891140625 0.4824576609375 0.7592905171875 0.4965404734375 0.769158428125 0.505651696875 0.7827536515625 0.5077945890625 0.7884157765625 0.5019956734375 0.7951398171874999 0.5149564125 0.83361324375 0.5179259265625 0.8236668265624999 0.5292234671875 0.82478039375 0.5345953421874999 0.8309466437499999 0.5257216546875 0.8357267640625 0.52353893125 0.8381535187500001 0.5339226890625001 0.8524563015625001 0.532530784375 0.8404173734375 0.5274955343750001 0.8389218656249999 0.5227474765625 0.8563188984375 0.5232256203125 0.8584791812500001 0.5187649125 0.8369938828124999 0.518559125 0.8482813265625 0.5071558921875
0 0.7533444031250001 0.425895015625 0.7384239796875 0.4624414953125 0.7451530796875 0.46531591250000004 0.7569849296875 0.4265768921875 0.7533444031250001 0.425895015625
0 0.75803684375 0.3936552765625 0.7494184109375001 0.40374235 0.7529265875 0.40944333593750004 0.7666312703125 0.3930385109375 0.7648986390625 0.3915106453125 0.747667215625 0.39009898125000003 0.7405134015625 0.3938026984375 0.75803684375 0.3936552765625
0 0.7477633046875 0.33928751875 0.7407409421875 0.335104459375 0.739600225 0.3383203875 0.7299689953125 0.3451916875 0.7334681671875 0.348066403125 0.7477633046875 0.33928751875
0 0.72145811875 0.29578300468749996 0.7164805984375 0.295052465625 0.7067300203125 0.322681484375 0.70219016875 0.3311116765625 0.7064646781249999 0.33271932187500003 0.72145811875 0.29578300468749996
0 0.6008544796875 0.24341410937500002 0.605613765625 0.22231492031250003 0.6144014015625 0.20701388281250002 0.6133937625 0.19371127500000002 0.61307029375 0.18537895625 0.603512809375 0.180360996875 0.6005883359374999 0.1830410703125 0.6067973109375 0.185818065625 0.610049975 0.1928832234375 0.6085025078124999 0.208330084375 0.6005679046875 0.22338738593750002 0.5954761421875 0.23332798281249997 0.5957764421875 0.24609459375 0.6008544796875 0.24341410937500002
0 0.7464621484375 0.19246658125 0.7418363718750001 0.18554748593749998 0.738847496875 0.19144385625 0.7522785859375001 0.2002136890625 0.7741314499999999 0.20713134531250002 0.7957249046875 0.20250032031249998 0.80309309375 0.196213928125 0.7956566046875 0.1928037703125 0.7790862828125 0.20079617500000002 0.7631958390625 0.20084621406249997 0.7464621484375 0.19246658125
0 0.9020946609375 0.271942234375 0.889027790625 0.2842227171875 0.8940186984375 0.289192375 0.9087611687500001 0.2791028390625 0.9020946609375 0.271942234375
0 0.8654539625 0.310924378125 0.8468349734375 0.316919015625 0.8548688890625 0.32145012031250003 0.8499368828125 0.323350934375 0.8517433765625 0.33095224375 0.8756950046875 0.3173224828125 0.8654539625 0.310924378125
0 0.8703811859374999 0.3435376109375 0.8686884593749999 0.3482644625 0.8821557140625 0.3568393109375 0.9015557140625001 0.36607442031250004 0.9034476140625 0.3624413609375 0.8893142031249999 0.3545487640625 0.8888855890625 0.3482140453125 0.8703811859374999 0.3435376109375
0 0.8368939515625 0.3771789859375 0.8412633406250001 0.3754076 0.8321938546875 0.3720948234375 0.8205468625 0.3638609109375 0.816180546875 0.3684902421875 0.8368939515625 0.3771789859375
0 0.8651657609375001 0.555004 0.8694361421875 0.5457187109375 0.872392028125 0.544874453125 0.873737221875 0.5519162859375 0.8700337328125001 0.56030936875 0.870708446875 0.5702213109375001 0.8674959609374999 0.5759436078125 0.8622898937500001 0.5881394156249999 0.8718791781249999 0.5999657359375 0.895875215625 0.6173563546875 0.9018248609375 0.618284965625 0.9046539734374999 0.6089290828125 0.887636928125 0.60493474375 0.8942341062500001 0.601328525 0.9030256921875001 0.5989400796875 0.9023410859375 0.6054695375 0.9111868484375 0.6085386515625 0.9159547578125 0.6017652250000001 0.8966534859375 0.568290975 0.9021287359375 0.562053546875 0.8930043328125 0.553283340625 0.8984564625000001 0.5514799453125 0.9112492796874999 0.54641135 0.9004007515625 0.5324763328125 0.8998986890625 0.5380311984375 0.9039313703125 0.5452424515625001 0.8956920875 0.5461202953125001 0.8861252531250001 0.538276 0.8768320390625 0.5347195640625 0.8717355546875 0.5432472515625 0.866381203125 0.5442478093750001 0.8634475921875 0.5520860078125 0.8545686234375 0.5568135953125 0.8590461749999999 0.5606479359375001 0.8651657609375001 0.555004
0 0.859853628125 0.6034517859374999 0.85233473125 0.6091046828125 0.85428258125 0.6145131515625 0.8684210546875001 0.6123194296875 0.859853628125 0.6034517859374999
0 0.4947210765625 0.6703027374999999 0.48890386250000006 0.6740553125 0.503197421875 0.6739079296875 0.5235405359375 0.6730781 0.5362599515625 0.6798988296874999 0.55420016875 0.691898053125 0.5551427796875 0.6868654624999999 0.54401561875 0.6787286499999999 0.5246813046875001 0.6698619156250001 0.51491815625 0.67025258125 0.4947210765625 0.6703027374999999
0 0.6859597734375 0.7648876515625 0.6905686578125 0.751522171875 0.6878331375 0.743646375 0.6805202796875001 0.7398721187499999 0.6731091 0.7312706171875 0.669418871875 0.727423828125 0.6705980296875 0.7243384984375 0.653909490625 0.7203110749999999 0.6655242859375 0.7289483296875 0.675674525 0.7379125453125 0.67388693125 0.74103423125 0.67801911875 0.7446634296875 0.686993784375 0.7491996328125 0.6859597734375 0.7648876515625
0 0.460259090625 0.7445285234375 0.4615757421875 0.7476151765625 0.462595003125 0.7497586140625 0.46371096874999995 0.75138765625 0.46678528906250005 0.7526734937499999 0.465987053125 0.748086415625 0.464208953125 0.7436708125 0.46778951874999997 0.73972665625 0.473432603125 0.7475284484375 0.473721078125 0.7561026078124999 0.46454908125000005 0.768407125 0.4517174984375 0.7800176671875 0.43902933437499997 0.785806278125 0.4216356421875 0.7813165609375 0.394530465625 0.773044675 0.3875268375 0.758597953125 0.40490682343750006 0.7593682125 0.42184891249999995 0.76626904375 0.4288530953125 0.7705984828125 0.43130155468750003 0.77016956875 0.42484756093750004 0.7641681546875 0.4154515359375 0.7574381921875 0.40540896249999997 0.7528946640624999 0.39342743125 0.754910571875 0.3847615921875 0.7518674265625 0.387736296875 0.7423072078125 0.38988684375 0.7396762046875 0.40592161562499995 0.7488921328125 0.3846220984375 0.7285889812499999 0.3759123640625 0.7219875625000001 0.369088865625 0.723017046875 0.3568264796875 0.7189452578125 0.360242084375 0.7247325828125 0.362742453125 0.7303482156250001 0.3671655421875 0.73454921875 0.379495978125 0.7395212640625 0.38027045312499996 0.746766165625 0.38169048125 0.7619423640625 0.38947675937500004 0.7760031656249999 0.42037119843750004 0.7842747734375 0.43499335156249996 0.7909183171875 0.45104609062499995 0.8183716125 0.469981165625 0.8127365453125 0.4546727203125 0.8059644609375001 0.444945025 0.7984762234375 0.4419870140625 0.7927748718750001 0.45176847656249997 0.797446996875 0.46951775937500007 0.8013037031250001 0.47722021875 0.7993741 0.45247954687499997 0.793650603125 0.44161839374999995 0.7884212453125 0.457537665625 0.7818178046875001 0.47355761406249997 0.7658261078125 0.480169203125 0.74949196875 0.4792592296875 0.7303290125 0.46727470000000004 0.7108668 0.489968559375 0.7186674453124999 0.4513203078125 0.6961636109375 0.44734064218749997 0.698444021875 0.46126447343750004 0.7113468625 0.4672484484375 0.7236503375 0.4751310875 0.73719668125 0.47370990312499994 0.7422553062499999 0.46073818125 0.7204784265625 0.4565994625 0.7236080296875 0.4638161046875 0.733124840625 0.460259090625 0.7445285234375
0 0.40790813281249994 0.7256427609375 0.39233365781249996 0.7379906046875 0.39563731562500004 0.73931939375 0.40988276093750003 0.7302726765625 0.41334346406250005 0.7193831984375 0.4047061421875 0.7048079859375 0.4188783640625 0.7239699453124999 0.41315811093750004 0.7330161859375 0.41813905937499996 0.7380314203125 0.429409803125 0.738544921875 0.4333039421875 0.7303994312500001 0.40534848749999997 0.7013785109375 0.38429654062499996 0.6860752828125001 0.36798141875 0.6606546343749999 0.364585559375 0.6610836015625 0.3784200984375 0.6871046484375001 0.3972125421875 0.7005643828125 0.40380298124999997 0.708366378125 0.40790813281249994 0.7256427609375
0 0.279265078125 0.808940321875 0.2875414015625 0.8320586640625001 0.2919722765625 0.8321788265625001 0.28330642500000003 0.8078484187500001 0.279265078125 0.808940321875
0 0.49461266718749997 0.2291086046875 0.5094891265625 0.2075310109375 0.5054045859375 0.204797184375 0.49155204374999995 0.2209061953125 0.49461266718749997 0.2291086046875
0 0.425240340625 0.2051872 0.4300298171875 0.210406971875 0.4160733875 0.228076190625 0.4228779375 0.2320105671875 0.4345938203125 0.2120930921875 0.43604818593749994 0.22682983124999997 0.43892047187500005 0.2257052609375 0.43539521406250004 0.2042627703125 0.4326164375 0.2060700921875 0.42688709375 0.203500465625 0.425240340625 0.2051872
0 0.420527615625 0.28482461406250004 0.3832618484375 0.29430419375 0.386058815625 0.29831922187500004 0.42095755625000003 0.28815456093749997 0.420527615625 0.28482461406250004
0 0.471914946875 0.4095640109375 0.4808779515625 0.4090815796875 0.49243887500000005 0.40775553750000004 0.500078484375 0.40486374999999997 0.4988793796875 0.40297660156250004 0.49511973906250006 0.404101278125 0.48964919374999993 0.4060693984375 0.483043740625 0.406993403125 0.4768025984375 0.407154365625 0.4696743953125 0.40731575624999994 0.46532462499999994 0.4056697609375 0.459561175 0.40209642656250005 0.45321160781250003 0.3969167984375 0.44998221875000005 0.39165688125 0.4512005140625 0.38988989687500003 0.454369975 0.3859948046875 0.4540092546875 0.378445740625 0.4477162078125 0.371780453125 0.443073484375 0.3645932625 0.441061784375 0.367042653125 0.44334362812499994 0.3726240171875 0.44741898124999996 0.37455123281249997 0.4487232375 0.380614465625 0.4477039921875 0.3872400875 0.44632009687499996 0.39462868906250004 0.449121028125 0.3998083546875 0.45227531093750006 0.400731775 0.46266656875 0.4068344578125 0.471914946875 0.4095640109375
0 0.420746878125 0.40563306250000003 0.414716296875 0.4046698359375 0.41346067187499996 0.404268346875 0.408133309375 0.403104215625 0.40320465937499994 0.40218107343750004 0.398460140625 0.4014587265625 0.3937831 0.40274392499999995 0.3957191375 0.40543407187499997 0.400948634375 0.40475100937499997 0.403027809375 0.40430916406249995 0.4079568046875 0.40523237187500005 0.4113855078125 0.405874571875 0.41459997968750006 0.406476646875 0.42047612812499996 0.4070785984375 0.42469794062500005 0.4070380703125 0.4276343765625 0.4067567921875 0.43329267656250003 0.40615404374999997 0.439345721875 0.40462764531250006 0.43153715468750004 0.402500121875 0.42912342187499997 0.4035442734375 0.4241719609375 0.40511069062500005 0.420746878125 0.40563306250000003
0 0.415832440625 0.6106943046875 0.4104819609375 0.621496346875 0.4127036171875 0.62739905625 0.42541108593750004 0.6306104625 0.4253779953125 0.619832303125 0.415832440625 0.6106943046875
0 0.45782500156249994 0.883658209375 0.45921878437499997 0.876216825 0.4672340109375 0.873245340625 0.485273040625 0.8733941125 0.48550657499999994 0.8677228546875 0.4764068703125 0.86763358125 0.46808826875 0.8686844640625001 0.45979772343749997 0.87135571875 0.4565891890625 0.87609689375 0.4523552515625 0.881888259375 0.44507025312500004 0.8844994578125001 0.4449461765625 0.8887003 0.4502196875 0.8862094109375 0.456689796875 0.886178753125 0.45782500156249994 0.883658209375
0 0.5877010625 0.861261525 0.5884454140625001 0.8652521656250001 0.59121548125 0.8663922609375 0.591058609375 0.8601510859375001 0.5939918265624999 0.8551096796875 0.59775104375 0.8509687093749999 0.5970175578125 0.8504584656249999 0.594115509375 0.850909028125 0.5877010625 0.861261525
0 0.80556625 0.5986857921875 0.8087549546874999 0.6063922078124999 0.8171373624999999 0.609334025 0.80778696875 0.5986057406249999 0.80556625 0.5986857921875
0 0.852825134375 0.1607690828125 0.8412907015625001 0.15103682031250001 0.8398500671875 0.155730665625 0.849744053125 0.1646343578125 0.852825134375 0.1607690828125
0 0.8704400765625 0.2145998796875 0.867850853125 0.2029927453125 0.8653979749999999 0.2023960609375 0.8686538296874999 0.221774528125 0.8648405640625001 0.22505810624999997 0.8531940875 0.2502987359375 0.8655468125000001 0.2469517890625 0.864236621875 0.24015184843749998 0.8714761093750001 0.23227207968750002 0.8789608421875 0.24112216250000001 0.8871697890625001 0.2450432015625 0.9034533765624999 0.2451139734375 0.915022003125 0.253113596875 0.9173827859375001 0.256958709375 0.9060301687500001 0.2645150375 0.9257359328125 0.262316384375 0.930482896875 0.26447706718749997 0.935707171875 0.269477640625 0.94158244375 0.2668835796875 0.944720521875 0.267204825 0.9475095578125 0.26559505156249996 0.947359153125 0.26450079843749996 0.9511299125000001 0.2633414234375 0.9537628218749999 0.25877068125 0.9543840609375 0.2535566296875 0.9605523125 0.2509806625 0.961071371875 0.24441487187500002 0.9594937515625 0.24145417500000002 0.955223546875 0.23958827968750002 0.952813503125 0.2315855484375 0.9533279484375001 0.22883892968750003 0.9473893890625 0.22639402656250002 0.9536254874999999 0.21396950937499998 0.9563180687499999 0.2128747109375 0.9604612109374999 0.1988596359375 0.9411625593749999 0.209845234375 0.93683734375 0.21171657812500003 0.9340750859375 0.21373168125 0.932653371875 0.2149549765625 0.9289295843750001 0.21680650625000003 0.908628253125 0.2201377296875 0.9041180609374999 0.2155688734375 0.9031682812499999 0.2100283171875 0.9161018046875 0.20560867031250002 0.9260036671874999 0.1963419328125 0.9049416406249999 0.1889756625 0.8894171234374999 0.1906293984375 0.904358015625 0.19513864375 0.899184359375 0.202957059375 0.899050665625 0.2085619984375 0.8778642296875001 0.21310694687499998 0.8704400765625 0.2145998796875
0 0.446888415625 0.27269272187500004 0.45033302812500003 0.2735839 0.45463562656249995 0.259377746875 0.47890071093750003 0.24201970625000002 0.4852338484375 0.239760603125 0.4907874109375 0.248675940625 0.4862846890625 0.256938246875 0.4941814046875 0.26210888906249996 0.49833887656250003 0.2591960125 0.4967362640625 0.25372774374999996 0.5065363281249999 0.259254884375 0.503381146875 0.24980423906250002 0.49855659062499996 0.24225596875000002 0.5060585875 0.23726247968749997 0.5027420874999999 0.2339342453125 0.493192190625 0.23583684531250002 0.4886229375 0.23744206874999998 0.4846719859375 0.2339950015625 0.478767646875 0.2287055390625 0.46620746406249997 0.22389195 0.4568356734375 0.2248436484375 0.44814837343749997 0.227400078125 0.44059598906249997 0.23090760625 0.44309475000000004 0.2333444140625 0.4498787046875 0.23043148750000003 0.45598403593750003 0.22763745000000002 0.4634079671875 0.2265669109375 0.4714327921875 0.229300496875 0.479513190625 0.23524353750000002 0.45709097656250003 0.23399713906250003 0.44185883125 0.24344912500000002 0.42356053437499996 0.2429751421875 0.41904719687499997 0.247789884375 0.43902030156249994 0.2480855640625 0.44790224375000004 0.24974916249999998 0.45144723593749997 0.25361245781249997 0.446888415625 0.27269272187500004
0 0.6846987375 0.4920086875 0.6873702671874999 0.4939917203125 0.6956898953125 0.49019000625000003 0.7009933312500001 0.46837505312500005 0.7040004843750001 0.46369210625 0.7006607390624999 0.4628386921875 0.7004931578125 0.46292137499999997 0.6935186125 0.4871602265625 0.6846987375 0.4920086875
0 0.7361064125000001 0.4992214078125 0.7333184796875 0.500295946875 0.732699378125 0.5036013125000001 0.7322503578124999 0.50762269375 0.7359045531249999 0.5149213687499999 0.7380474078125 0.515664940625 0.7353812421875 0.5087792 0.736104140625 0.5006545953125 0.7361064125000001 0.4992214078125
0 0.49519923125 0.1678105390625 0.5022024140625 0.16570598593750002 0.5092559828125001 0.1596820890625 0.5032805421875 0.15873372187499998 0.49946012343749996 0.16331338125 0.487559034375 0.167233453125 0.48722274375 0.1702450453125 0.4922483171875 0.168965959375 0.50236319375 0.18826934374999998 0.5068484953125 0.1834866640625 0.5019041703125 0.1806816171875 0.49519923125 0.1678105390625
0 0.717743475 0.6278240015625001 0.7131899421875 0.632014753125 0.7141430109375 0.6398599953125 0.7079199234375 0.644343303125 0.69883631875 0.648290834375 0.68691099375 0.64585545 0.67393601875 0.6403991453125 0.6550166859375001 0.63362743125 0.6446603953125 0.6343105109375 0.6824991125000001 0.6478536828125 0.6894653265625 0.655210878125 0.708754075 0.661446515625 0.7226962343750001 0.667487753125 0.73363155 0.6737725640625001 0.7299996859375 0.67591689375 0.72247645625 0.6801566875 0.71877625 0.6841040234375 0.7205050515625 0.690682 0.7247292812499999 0.699744934375 0.73263055 0.7092948265625 0.7422884140625 0.7224018296875 0.749770075 0.7284432796875 0.76009453125 0.7293682828125 0.777467609375 0.7285874296875 0.789397609375 0.732435984375 0.8000777093749999 0.7400852828125 0.8015634890625 0.7364633109375001 0.77848984375 0.7231297265625 0.7585117640625 0.722010634375 0.7516456375 0.722742159375 0.7434064453125 0.7121201921875 0.7358019203125 0.7024241234375 0.7303592296875 0.695554040625 0.7354007578124999 0.693068475 0.728042009375 0.690681390625 0.739169603125 0.68731845625 0.7415237609374999 0.68049644375 0.736861478125 0.673772265625 0.7443210890625 0.6727483875 0.7454872499999999 0.65381438125 0.761467175 0.6668691250000001 0.770902784375 0.66567725 0.74957810625 0.64468123125 0.742324209375 0.6402962249999999 0.7356590703125 0.63420595625 0.7275387531249999 0.625825571875 0.7349113203125001 0.6209520265624999 0.7326580640625 0.6128635250000001 0.7167586125 0.61008729375 0.7097236765625 0.6160325921875 0.6960955 0.6269974031250001 0.7107863203125 0.6232928203125 0.717743475 0.6278240015625001
0 0.619601003125 0.8017408749999999 0.6234915375 0.79221066875 0.62251523125 0.781966121875 0.612754603125 0.7610009703125 0.61171481875 0.765146503125 0.6166886875 0.7765345156250001 0.6207926406250001 0.78835126875 0.6176872328125 0.7986074109375 0.619601003125 0.8017408749999999