0 0.7626896265625 0.9307918093750001 0.771483578125 0.9159298515625001 0.7632113453125 0.9247425437500001 0.756779940625 0.9317524953125 0.7349648078125 0.9328589796875001 0.7140467234375001 0.9316630968749999 0.6826873328125 0.9401380171874999 0.6500997546875 0.9497365453125 0.641432071875 0.953634953125 0.6436604499999999 0.9562797609375 0.6603867718750001 0.9493951703124999 0.6945311296875001 0.9396174109375 0.7134739671875 0.934676990625 0.737821290625 0.9357589125000001 0.752473771875 0.9353362093750001 0.7626896265625 0.9307918093750001
0 0.535201634375 0.9751506734375001 0.5217895484375 0.9751498859375 0.5227929828125 0.9791519093750001 0.5309191859375 0.98013539375 0.5423757874999999 0.9751672499999999 0.55470931875 0.9667293562499999 0.5624680953125 0.96443294375 0.5789973421875 0.964308890625 0.579265934375 0.9617513875 0.557130815625 0.9623799906249999 0.5429090125 0.9698186109375 0.535201634375 0.9751506734375001
0 0.46377573749999995 0.9752278000000001 0.45188090625 0.972713034375 0.44411386718749996 0.9745424328125001 0.44602225781250004 0.9767090921875001 0.452576215625 0.9769375484375 0.46040219843749997 0.9786105234375 0.4706931640625 0.9785025171875 0.4778515109375 0.9775853546875 0.4804146328125 0.9677690374999999 0.47871298125 0.9731816109375 0.471262328125 0.9752555328125 0.46377573749999995 0.9752278000000001
0 0.3243397984375 0.9667021078125 0.3374027546875 0.9616324359374999 0.3375328875 0.9586721796875001 0.322843209375 0.9634157921875 0.3243397984375 0.9667021078125
0 0.0964306390625 0.9499717343749999 0.0990725953125 0.9464253765624999 0.087827784375 0.9525019734375 0.09464410625 0.9402067453124999 0.0819258890625 0.9549914140625001 0.07262970625000001 0.9591144265624999 0.059605565625 0.9664765859375001 0.0616109140625 0.9678940718750001 0.0751685703125 0.960146209375 0.078782378125 0.960811159375 0.0807603328125 0.9606107484375 0.08850776406250001 0.9607458609374999 0.0920709953125 0.9584445203125 0.10815452656249999 0.9615656453125 0.09455998593750001 0.956509771875 0.10637519375 0.95220494375 0.09147127187500001 0.9549198437499999 0.0909008734375 0.9531480734375 0.10760924218750001 0.9506310171875001 0.0964306390625 0.9499717343749999
0 0.08157932812499999 0.7170928265625001 0.0753783375 0.718158646875 0.056498460937499995 0.711791434375 0.055371565624999994 0.7173470328125 0.0664072875 0.7201296312500001 0.0749609640625 0.7205420171875 0.0827277484375 0.719556809375 0.08157932812499999 0.7170928265625001
0 0.079075490625 0.6931488140625001 0.0757508078125 0.6860676140625 0.0739527796875 0.6790396328125 0.0734888265625 0.66966023125 0.0671020359375 0.6620156609375 0.070639703125 0.6726439171874999 0.0690486625 0.677841196875 0.0722539171875 0.686859253125 0.07653169843749999 0.6961431453125 0.075388540625 0.700738159375 0.0791934890625 0.7001182359375 0.079075490625 0.6931488140625001
0 0.1017405296875 0.75594634375 0.094723315625 0.7541336765625 0.089779678125 0.750999215625 0.0903192796875 0.7553739671875 0.0973427578125 0.7575356375 0.10671073281250001 0.7606497937500001 0.116707290625 0.7596044453124999 0.1296795890625 0.74176156875 0.1418881703125 0.7338235015625 0.147235690625 0.719548009375 0.146645909375 0.7122093734375 0.1335903828125 0.6976409109375 0.11161745781250001 0.679075078125 0.09948245 0.6638419328125 0.09469201875 0.6560083546875 0.094164221875 0.6523307875000001 0.096405765625 0.6471816859375 0.10280935468750001 0.640247534375 0.10777041406250001 0.6306630296875 0.10359373125 0.631562728125 0.1035880875 0.6312294203125 0.09631402812499999 0.6417634453125001 0.09113742500000001 0.652385990625 0.094302725 0.660511171875 0.10411944687500001 0.676360809375 0.10815437187500002 0.6808573984375 0.12537477187499999 0.6938287140625 0.1419440296875 0.70960611875 0.14506175 0.71494203125 0.142896953125 0.72462400625 0.1367795234375 0.7346909796875 0.1266327140625 0.740609809375 0.11753004375000001 0.753186340625 0.114804625 0.757273021875 0.1017405296875 0.75594634375
0 0.11426272343749999 0.6427376125 0.10474708749999999 0.6446710203125 0.10297465624999999 0.65001073125 0.10680619843750001 0.6562425546874999 0.1096969171875 0.661919071875 0.11761398593750001 0.661846525 0.122678359375 0.6583641515624999 0.12115920625000001 0.6511673796874999 0.11994674999999999 0.6483372390625 0.1299521609375 0.647814709375 0.131058353125 0.644368621875 0.12293494375 0.646002040625 0.12263219218750002 0.638431415625 0.11426272343749999 0.6427376125
0 0.7200695421875001 0.9459768515625001 0.71816975625 0.9438155390625 0.6932011874999999 0.9683883203124999 0.6943959359375 0.97017255625 0.7129961781249999 0.9546166984375001 0.7200695421875001 0.9459768515625001
0 0.7239158421874999 0.9530804843749999 0.734921115625 0.956600496875 0.7509638453124999 0.955027428125 0.728311021875 0.9513171078125 0.7184621250000001 0.9473148921875 0.6976784421875 0.9439768046875001 0.6933101828125 0.947309184375 0.710090696875 0.948068371875 0.7239158421874999 0.9530804843749999
0 0.69651993125 0.9718284703125001 0.696336975 0.974770415625 0.7112650015625 0.9761618000000001 0.714288621875 0.9759189453125 0.72096961875 0.9716213625 0.714621884375 0.9818545671875001 0.7249396078125 0.9722825234375 0.7328153515625 0.9697691765625001 0.7318862734375 0.983676175 0.7482214218750001 0.9581096671875 0.73259396875 0.9566936359374999 0.7160584546875 0.9704048828125 0.706315465625 0.972678884375 0.69651993125 0.9718284703125001
0 0.5332716765625001 0.94463378125 0.5375077484374999 0.9472208 0.5442562843750001 0.9469332609375 0.5627450015625 0.938517334375 0.5648717046875 0.9334593281249999 0.5451177656249999 0.9427816078125 0.5332716765625001 0.94463378125
0 0.529361325 0.9337470828125 0.52277065 0.9296315859375 0.520543575 0.9218873609375 0.5133256375 0.9082194187500001 0.500146421875 0.900093428125 0.4900642609375 0.8960828171875 0.48314150468749995 0.8998491953125001 0.4873418015625 0.9003441249999999 0.495267721875 0.9007943968750001 0.5053734953125 0.9061996375 0.514402596875 0.9167945843749999 0.5176206750000001 0.9280579984375 0.5228592062499999 0.9348619093750001 0.5277884375 0.9371245703125 0.529361325 0.9337470828125
0 0.410044875 0.7881285484375 0.4065672625 0.7890528796875 0.406299225 0.8007175562500001 0.396789428125 0.8167645421874999 0.3869998578125 0.8300141671875 0.378956146875 0.8363548234374999 0.36637557187500003 0.8360905546874999 0.3680689453125 0.8398084859375 0.35995439375 0.841964990625 0.36790948125 0.8441588687499999 0.378324971875 0.8403402468750001 0.3895805671875 0.8311494125 0.3973264328125 0.8209649453125 0.40504573125 0.809211484375 0.4099713703125 0.7975349046875 0.410044875 0.7881285484375
0 0.323946165625 0.768146934375 0.3081684953125 0.7681694140625 0.2909277234375 0.7677427 0.2802055359375 0.767194690625 0.26830342812499997 0.7519693984375 0.2636373265625 0.75145823125 0.2724243109375 0.7615219609375 0.2567142078125 0.75522433125 0.27128565 0.763050334375 0.27602885312500003 0.7680943890624999 0.2828426859375 0.7716425578125 0.29378596875 0.7715012375 0.31357829375 0.771320121875 0.3242473484375 0.7687298859375 0.323946165625 0.768146934375
0 0.2129255921875 0.7583118390625 0.2109588015625 0.748735015625 0.20950117499999998 0.7486092953125 0.207899596875 0.764060915625 0.2173886015625 0.774323375 0.2208400046875 0.771830065625 0.21560406875 0.7652005046875 0.2129255921875 0.7583118390625
0 0.2331331625 0.32480688125 0.23580694218749998 0.3261578796875 0.2438472109375 0.31221612187500003 0.24116031875 0.3100905953125 0.2332183515625 0.30691138906250004 0.22700899687499998 0.3067916375 0.21267952031249998 0.30822705781250004 0.20214080937499998 0.3082467375 0.2012924828125 0.311603528125 0.22265236718749998 0.3091553734375 0.2293757296875 0.3090993921875 0.23702445625 0.3102367703125 0.23979762500000001 0.3136228390625 0.2351033953125 0.3189738671875 0.2331331625 0.32480688125
0 0.1020697515625 0.1412507859375 0.083057475 0.12578535468750002 0.078985534375 0.1297068890625 0.0813162125 0.12988508906250001 0.0853782125 0.133025740625 0.11630420625 0.1571300953125 0.14646566562500002 0.1742416953125 0.16206291718750002 0.17894554375 0.1701076453125 0.172937503125 0.175728625 0.16123309531250002 0.176603284375 0.1517821453125 0.17231862656250002 0.1431190765625 0.16443705 0.13587823906250002 0.16045685625 0.1222915453125 0.1537187390625 0.121475984375 0.15633962968749998 0.1311457375 0.16449605625 0.13936334687500002 0.1716142796875 0.147351384375 0.174133546875 0.15101894375 0.1726625734375 0.1558052140625 0.16916752968749998 0.1708728640625 0.1634092203125 0.174445271875 0.15695907656250002 0.1753815421875 0.155267440625 0.1747421546875 0.14354359375 0.1696893296875 0.1246231109375 0.159645328125 0.1146746015625 0.152526090625 0.1020697515625 0.1412507859375
0 0.11729701875000001 0.17184256250000002 0.1151283640625 0.1736054515625 0.11684166562500001 0.17550339375 0.1239547171875 0.1755576859375 0.1324126875 0.1786581859375 0.13741152968749998 0.1836699765625 0.1416470171875 0.189428965625 0.146896484375 0.193965765625 0.14657046093749998 0.1899876203125 0.1429752921875 0.1838639171875 0.13966465781249998 0.179267990625 0.1253469140625 0.1737679953125 0.11729701875000001 0.17184256250000002
0 0.10433187968749999 0.16793573125 0.10561907343750002 0.16759356406249998 0.1052277375 0.1673862734375 0.093382859375 0.1628132234375 0.0906998375 0.16475156875000002 0.092016890625 0.1661519703125 0.09771971874999999 0.1669311765625 0.0985240484375 0.16860404843750001 0.10433187968749999 0.16793573125
0 0.3857162703125 0.2002851578125 0.3797689734375 0.1774385359375 0.37639632343749996 0.1806223296875 0.38208529375 0.1996748609375 0.3857162703125 0.2002851578125
0 0.4021704046875 0.2021165078125 0.40639417031249997 0.1995547578125 0.41275545312500006 0.19339107656250001 0.415153428125 0.18989491875 0.41303921875 0.187224075 0.41043461406250004 0.19379390624999998 0.4031594390625 0.199442003125 0.3972584296875 0.2022353671875 0.3972764625 0.20330040781249997 0.4021704046875 0.2021165078125
0 0.6012999031249999 0.165171546875 0.594379815625 0.15675185 0.5905447890625 0.149748225 0.599671440625 0.14646801874999998 0.628865090625 0.1404520625 0.6288013578125 0.13668786718749998 0.6237341234375 0.1343848 0.6056080828125 0.1355521375 0.5789895406250001 0.15163550625 0.57276215 0.15828837812500002 0.57310555 0.1656609265625 0.5789096 0.1727329234375 0.596199484375 0.18674849531249998 0.599481109375 0.1997952328125 0.6027874640625 0.201372028125 0.60470605 0.1855728453125 0.5908082484375 0.17821845625 0.57566140625 0.161660778125 0.587310659375 0.1524161953125 0.61157881875 0.1782882015625 0.6236989375 0.18394482343750002 0.6361181171875 0.1943553765625 0.6313746765625 0.18535728437500001 0.6269524703125 0.18242269687499998 0.612849465625 0.1758790546875 0.6053068796875001 0.16940046250000002 0.6012999031249999 0.165171546875
0 0.6963659859375 0.182440915625 0.6937743125 0.1972353671875 0.65967891875 0.18492433125000002 0.6476391546875 0.1840137515625 0.6452995875 0.1878580734375 0.652930990625 0.18665191718750002 0.6628356671875 0.1905955109375 0.6641426953125 0.19031406875 0.6953776296874999 0.20154412968750002 0.69604503125 0.21514365 0.6991075671875 0.215250403125 0.70062984375 0.185726203125 0.6963659859375 0.182440915625
0 0.687120246875 0.20452763593749998 0.6917557296875 0.2103768046875 0.68597685625 0.20154344218750003 0.6393738156250001 0.186506346875 0.6012221296875 0.17994232500000001 0.602357203125 0.1824353296875 0.6370089531249999 0.188877615625 0.687120246875 0.20452763593749998
0 0.7998937765624999 0.2749564890625 0.7897390703125 0.276741440625 0.7861269156249999 0.274476609375 0.787661196875 0.2701183640625 0.7933508921875 0.2684452703125 0.8050470078125 0.27326442968750003 0.8037117140625 0.26827169375 0.7976599906249999 0.259103678125 0.783782134375 0.2626305390625 0.7771897609375 0.2637377046875 0.777307190625 0.2601320359375 0.780989575 0.25598255000000003 0.7835533890625 0.24912015781250002 0.7850404671875 0.241953 0.782639046875 0.2373239515625 0.779171859375 0.23305886562499997 0.7918318296875 0.2314948578125 0.7978269515624999 0.2267573765625 0.7917525624999999 0.2268131359375 0.7835689296874999 0.22893429375 0.754116675 0.214898009375 0.7267599812500001 0.21381080312499998 0.7415155890625 0.2199399515625 0.7557891140625 0.21869968437499998 0.7710860609375 0.225114934375 0.7726067375000001 0.23051551093749997 0.765520521875 0.22883989843750002 0.74712599375 0.2241461265625 0.7192826453125 0.2365441 0.751294634375 0.227633434375 0.7543132796875 0.231791240625 0.759808515625 0.2397365140625 0.7657424500000001 0.252509921875 0.7561876375 0.24749790625 0.752136428125 0.24040492812499997 0.7505704375 0.24289037656249998 0.7511880765625001 0.24772474687499998 0.757337203125 0.25208331875 0.772335340625 0.2619746578125 0.767376896875 0.2646090875 0.7578466421875001 0.261068503125 0.737448903125 0.2594216421875 0.7360595875 0.2617796328125 0.7575661234375 0.2656040671875 0.7396713859374999 0.264044453125 0.7200407796875 0.265499096875 0.7240444484374999 0.259221890625 0.721579615625 0.25084751875 0.715152565625 0.261719209375 0.7062606859375 0.26421679375 0.7099676078125 0.2720997328125 0.727932571875 0.2672447625 0.7406151921874999 0.2670185015625 0.757435103125 0.268407034375 0.7717924218750001 0.27211587812500004 0.7801569015625 0.270134640625 0.7847581609375001 0.2780490203125 0.795476146875 0.2778878921875 0.8059411484375 0.28386748125 0.8181397562500001 0.2867201015625 0.7955651453125 0.304248184375 0.7961514265625 0.30720950625 0.8049912203125 0.30163560624999997 0.817361634375 0.29351085781249997 0.8281229874999999 0.3064525359375 0.8195739468750001 0.31073600625000003 0.8318614562500001 0.3056363796875 0.8294694296875 0.312103646875 0.82452005 0.3152733875 0.82180185 0.3236007078125 0.8315967734375 0.32166959687499996 0.840626828125 0.3167706765625 0.836657171875 0.3039321234375 0.8304712921874999 0.28686146562500003 0.8250239703125001 0.28172512968749996 0.8155435421874999 0.28112743125 0.81021851875 0.28321435156249997 0.8064141906250001 0.28014059062499996 0.7998937765624999 0.2749564890625
0 0.684371690625 0.2487847015625 0.67630565625 0.250139340625 0.67387705625 0.24874615000000003 0.6855815187500001 0.229852840625 0.6937942125000001 0.22425070625000001 0.696541059375 0.21862141249999997 0.690748446875 0.212204084375 0.68478665625 0.20872493281249999 0.6846206015625 0.21182685 0.6903494796875 0.2144799828125 0.693082684375 0.220954565625 0.68357959375 0.22782025625000002 0.6782796578125 0.23761316250000003 0.671880671875 0.247040759375 0.6726337671875 0.2527920515625 0.6781359874999999 0.2549466484375 0.6864179515625 0.25343590312500003 0.6915520453124999 0.2596669109375 0.6928090453125 0.269361375 0.6961183531249999 0.27111253281250003 0.6958772718749999 0.2568736046875 0.6907320953125 0.24998794531250002 0.684371690625 0.2487847015625
0 0.576534278125 0.3003757875 0.580067471875 0.30246175000000003 0.58088998125 0.29938245 0.5848912078125 0.29036217343750004 0.5893880265625 0.28479388125 0.5909745078124999 0.275198796875 0.5839546640625 0.2608872125 0.5780484375 0.24775934687499998 0.5836332234375 0.24190197656249998 0.572369078125 0.2480520125 0.5784333984375001 0.25758678281249997 0.5870922281250001 0.278334809375 0.5813465765625 0.2876215453125 0.576534278125 0.3003757875
0 0.5654784953124999 0.15606344375 0.550482196875 0.16914008125 0.537130078125 0.1811057453125 0.5277322875 0.1941907828125 0.52486095 0.2053768796875 0.52221663125 0.217061790625 0.5261931265625 0.2194904734375 0.5303657312500001 0.1947732109375 0.5404338390625 0.1825294421875 0.559578365625 0.164059375 0.56696058125 0.16104509843749998 0.5654784953124999 0.15606344375
0 0.3773005171875 0.2383019328125 0.304322721875 0.227906884375 0.303057265625 0.23064347812500002 0.37720556875 0.24237617500000003 0.3773005171875 0.2383019328125
0 0.3874881703125 0.3493257953125 0.4563107234375 0.3467350328125 0.4615305125 0.3451178125 0.451448340625 0.34362146875 0.3863097734375 0.34429496406250004 0.3775623375 0.344153684375 0.373735478125 0.350562965625 0.3874881703125 0.3493257953125
0 0.45125692968750003 0.319406625 0.43705750625000006 0.32005656875 0.43622945 0.32280840781250003 0.44891700312499994 0.3232506671875 0.45009122812499996 0.32803510468749997 0.4351302515625 0.33536481406249996 0.4233784703125 0.3385537796875 0.43234738124999994 0.338866415625 0.4510439796875 0.332648190625 0.45588566249999996 0.322824890625 0.45125692968750003 0.319406625
0 0.43375949374999995 0.331882059375 0.4457191015625 0.340968059375 0.4542949421875 0.3438840640625 0.46113342187499995 0.3410497953125 0.45528038437499996 0.33753936875 0.4518552609375 0.34183621875000003 0.4449854078125 0.336362609375 0.43613544531250004 0.330165709375 0.43375949374999995 0.331882059375
0 0.35387027656250003 0.31355825 0.38919475625 0.32100525625 0.3947496234375 0.32626939374999997 0.413464628125 0.3340687625 0.394907365625 0.322676553125 0.3983989953125 0.322307628125 0.419335825 0.3321971875 0.4210386890625 0.3294758390625 0.40032887187500005 0.32008482968749996 0.4002956203125 0.3181208671875 0.3924288875 0.3183372859375 0.3706613734375 0.2981138546875 0.36212155625000003 0.29732554218749996 0.3863038125 0.3181237796875 0.360407815625 0.3123139640625 0.3529563234375 0.3112365875 0.35387027656250003 0.31355825
0 0.40582733125 0.41886001093749997 0.40496027031250004 0.40639843437499995 0.40050772187500006 0.3887413671875 0.3896225828125 0.37854791875 0.3706682765625 0.369545103125 0.37315506875 0.3743752953125 0.39437987812499997 0.38836413125 0.399705025 0.4188099703125 0.400293446875 0.41940750624999995 0.40582733125 0.41886001093749997
0 0.49510408906250003 0.42669982500000003 0.4875106359375 0.4301474328125 0.46569415468750003 0.432871875 0.453299909375 0.42393409374999996 0.45503319062500003 0.3971692671875 0.48277807656249994 0.357244253125 0.501599159375 0.345468959375 0.483780496875 0.35188142031249997 0.45765221875 0.384011571875 0.45172665624999997 0.395581840625 0.44910748749999996 0.421661784375 0.4551634921875 0.4307053640625 0.46770197343750003 0.4352316671875 0.4836735390625 0.4359520328125 0.4972168578125 0.43527921875000003 0.49510408906250003 0.42669982500000003
0 0.5081366984375 0.34422467343749996 0.50723439375 0.355479671875 0.5145665875 0.362441565625 0.5193072578125 0.3712759296875 0.521818990625 0.37757915937500003 0.5246378859374999 0.37620525 0.5171196734375 0.3582776875 0.5102082593749999 0.350349190625 0.515388684375 0.33351854062499997 0.5314296671875 0.325408578125 0.5234224968750001 0.3237850703125 0.5122984328125 0.3317750203125 0.5081366984375 0.34422467343749996
0 1 0.9197125453125 0.9967212796875 0.9156655859375 0.9899306015624999 0.91277249375 0.9786382640625 0.9024617828125001 0.97108173125 0.88927055 0.970614190625 0.8826132875000001 0.9662772609375001 0.8779462578125001 0.96658729375 0.8753006781250001 0.962308865625 0.8740889875000001 0.9576168984375 0.86940958125 0.9536800062499999 0.8674128796874999 0.9335525578125001 0.8429804640624999 0.9233982328125 0.845332834375 0.9360394187500001 0.8538924531250001 0.9484511703124999 0.868348953125 0.9289445171875 0.8734572609375 0.9248626 0.8838520609374999 0.9108672921875 0.9015245984375 0.8785261859375 0.9141751375 0.9214924515625 0.9075538640625 0.9193306921875 0.91584346875 0.9085726671875 0.921373084375 0.8977354546875 0.9222254953125001 0.8820584 0.9285678359375 0.8600086499999999 0.9275532515625 0.8272465734375001 0.9153399578125001 0.8351479546875 0.935297871875 0.876405190625 0.9348478437500001 0.878557903125 0.9362510734375 0.8793129765625001 0.9389337796874999 0.8842474749999999 0.9369806765625001 0.8871417625 0.9402692265624999 0.891065153125 0.9414685421875 0.8954560890625001 0.9493251171875 0.9044804859375001 0.9584057609375 0.9111451562499999 0.95385658125 0.9140423 0.9725076406250001 0.9214546921875 0.9550128625 0.9264161890624999 0.9546545328124999 0.9399885453125 0.9599091265625 0.9425187984375001 0.9626537109375001 0.9507566203125 0.967191078125 0.9550350484375001 0.9684027687500001 0.9678073296875 0.968316703125 0.973056359375 0.9639838171875 0.9768042453125 0.954817109375 0.9776533421875 0.9420960546874999 0.97965755 0.9347280375 0.978866475 0.92991896875 0.98248405625 0.9270345875 0.9880298984375001 0.9262538062499999 0.9923893312500001 0.9322498124999999 0.9966452578125 0.9321325265624999 1 0.9343777937500001 1 0.9197125453125
0 0.8252895421875 0.9545827953125 0.8282738328124999 0.9631872546875 0.82479548125 0.9673162234375001 0.8220812015625001 0.9746594921874999 0.8221577046874999 0.9791780140625 0.8257530624999999 0.981959725 0.8417611671874999 0.9843772 0.8527672703125001 0.984760846875 0.8644249437499999 0.9817139046875001 0.8725997640625 0.9825301375000001 0.875422046875 0.981565959375 0.8778622953124999 0.9789946374999999 0.8806035734375 0.9732461421874999 0.8802035375000001 0.9705758124999999 0.8715091984375001 0.9658583671875001 0.8733228546875 0.9623668109375 0.869705578125 0.9564463468750001 0.8745325578124999 0.9502177625 0.8847660734374999 0.9525425953125 0.8944914046875001 0.9637069 0.9132299984375001 0.9828124 0.900314078125 0.95800525 0.8843327593750001 0.9463768953124999 0.8626893078125001 0.9420732578125 0.8554820281250001 0.951521821875 0.8417376484375 0.9554714499999999 0.8252895421875 0.9545827953125
0 0.5303329515625 0.534919596875 0.5163217875 0.5333181765624999 0.5151951078125 0.5370631890625 0.5344873421874999 0.5382358671875 0.5642494453125 0.5435591171875 0.578624228125 0.5504161234375 0.59799381875 0.5599718640625 0.630766575 0.57916598125 0.645589503125 0.5870498937499999 0.656740303125 0.5973418546875 0.662688065625 0.6053993296875 0.661346153125 0.6197783234375 0.6595322375 0.644442059375 0.6551967046875 0.6519708093750001 0.6590288125 0.6654662734375 0.669075665625 0.6348871234375 0.6739066578124999 0.626820725 0.673834653125 0.6225679984375 0.670915615625 0.6178175718750001 0.6663546640625 0.605368021875 0.660347203125 0.5945391828125001 0.6538004265625 0.5883428765625001 0.6512419203125 0.5875130921875 0.6454713453125 0.5819991718749999 0.6404603437499999 0.5794337546875 0.6304238609375 0.5757318125 0.6054566359375 0.5610475109374999 0.59848675625 0.5567076140625 0.587838090625 0.5520981625 0.5671888218750001 0.5414421671875 0.548841921875 0.5385765874999999 0.5303329515625 0.534919596875
0 0.4665474265625 0.1169388875 0.457443446875 0.1168218359375 0.44599325624999997 0.13625183125 0.42119646718750003 0.11055106562499999 0.406609446875 0.1028318359375 0.38627849375 0.10372547968750001 0.4110647453125 0.11300197812499999 0.42464169218750003 0.124290978125 0.40875245312499997 0.11872982968750001 0.4082879609375 0.12291975937499999 0.4300802609375 0.1292875484375 0.4389406625 0.1466214421875 0.44647811718749997 0.1490873875 0.451652371875 0.138452009375 0.4616310421875 0.12698238125 0.4665474265625 0.1169388875
0 0.7305096703125 0.80544341875 0.7351251328124999 0.8056043031250001 0.73876999375 0.8113097640625 0.7451066328125 0.80834298125 0.741852809375 0.8047762593750001 0.7572353859375001 0.7702481703124999 0.7543500984375 0.7674912093749999 0.7581204828125 0.759653478125 0.7583225125 0.750628809375 0.755091190625 0.748391065625 0.7476264421875001 0.7475995859375 0.7411727984375001 0.7436556859375 0.7361977984375 0.7432166296875 0.7344051015625 0.763077034375 0.7317493234375 0.773875640625 0.73231136875 0.78611460625 0.7294265625 0.804343109375 0.7305096703125 0.80544341875
0 0.9137080265625 0.7663931359375 0.90745010625 0.7683718296875 0.8900827437500001 0.75835168125 0.8877714859375001 0.7678917484375 0.892485953125 0.7739001328125 0.8935645609374999 0.7747346453125 0.8960363078125001 0.7740238890625 0.9003642390625 0.7781593296875 0.8807433546875 0.7765416734375 0.8871558109375 0.7836694078125 0.9004767453125 0.784804215625 0.9083325296875 0.787734434375 0.9134065328125001 0.794020990625 0.9149570562499999 0.790601015625 0.9174271234375 0.7878628484375 0.9236694484375001 0.7849421875 0.9306929531250001 0.7785967828125 0.9419661453125 0.775537765625 0.9488286109375 0.7694887796875001 0.9447972124999999 0.761910375 0.9457813156249999 0.757163184375 0.9435971000000001 0.753899384375 0.94108485 0.7522179828125 0.9343256734375001 0.7511854578125 0.9307033125 0.7468089734375 0.9218319218750001 0.7467653765625 0.9171984578125001 0.7455413109375 0.9139671359375001 0.743303565625 0.908659603125 0.7441811125 0.9054327796875 0.7422091609375 0.9126720140625 0.75474569375 0.9137080265625 0.7663931359375
0 0.859441775 0.6245219703125 0.8575990953125 0.620473159375 0.850781415625 0.6159852953125 0.8486017 0.612987290625 0.8313714609374999 0.6222153125000001 0.83035585625 0.6251019343750001 0.831609971875 0.6363024703125 0.8352548328125 0.64200793125 0.8468004796875 0.6533015671875 0.8454568421875001 0.6577705859375 0.849366734375 0.658172515625 0.8510834078125 0.6547790531250001 0.8617614796874999 0.6567450953125 0.8617929796875 0.6586056640625 0.866084909375 0.660614740625 0.8717519781249999 0.660015365625 0.8743137296875 0.66462051875 0.878996696875 0.6687683328125 0.8832886265625 0.6707774109375 0.8882546234375001 0.670684875 0.8955128437500001 0.6802352296875 0.9072920203124999 0.6843647625 0.9093925781250001 0.6908815781250001 0.9083363406249999 0.69748785 0.8973039109375 0.7082911843749999 0.8969932921874999 0.7175455640624999 0.915613296875 0.699489409375 0.921461675 0.6998956859375001 0.9282802890624999 0.70240590625 0.9403544921875 0.7117424109375 0.9404966437500001 0.72013835625 0.9182629875 0.71796475625 0.9068692468749999 0.7212387234375 0.9197634625 0.7237859328125 0.9368181812499999 0.7236812593749999 0.943379134375 0.7247839093749999 0.9477887546874999 0.7368249437500001 0.937990615625 0.751517484375 0.9557909562500001 0.7402506375 0.955651765625 0.732029584375 0.9450117812500001 0.7117121640625 0.9520899890625 0.7045738765625 0.9541297515625 0.6973359328125001 0.9464974093749999 0.6743439765625 0.942226978125 0.6705239953125 0.9273209328125 0.660813503125 0.9204768812499999 0.6457754875 0.9165489875 0.6443103781249999 0.9068325203125 0.636268165625 0.906769515625 0.6325470296875 0.9120635500000001 0.6308720984375 0.9077626203125 0.62833143125 0.897767621875 0.6247953640625 0.8949273359375001 0.6246963578125 0.892846625 0.6275458546875 0.8903793765625 0.62852240625 0.8868065203125 0.627069671875 0.859441775 0.6245219703125
0 0.8182847984375 0.22237713593750003 0.820275546875 0.2197048734375 0.8123954937500001 0.2112336484375 0.8055670265625 0.216754934375 0.8182847984375 0.22237713593750003
0 0.8505809718749999 0.3796542859375 0.8564424546874999 0.3775860640625 0.8678962015625 0.3892149203125 0.869279059375 0.397016846875 0.8679373015625 0.40218376562499997 0.8593395062500001 0.41150947968749996 0.850457021875 0.4251033796875 0.8544063109375 0.426176621875 0.8746519953125 0.3977388671875 0.8679502375 0.3712816859375 0.859014990625 0.3606764640625 0.8387658328125 0.3498450140625 0.8353208140625 0.33875804062500003 0.8369598234375 0.335010696875 0.8312671296874999 0.3338240890625 0.8322986374999999 0.3526661921875 0.832072440625 0.3629459578125 0.8392125953124999 0.362526234375 0.8412270359375 0.37596524531250003 0.8441079406249999 0.37726874375 0.8423248437499999 0.3880350796875 0.8495555749999999 0.40352734218749997 0.84018228125 0.4197987703125 0.8448757203125 0.41207476718749997 0.8520252953125 0.41219036718749996 0.854722753125 0.4026589828125 0.8502777859374999 0.393413359375 0.84800774375 0.38598161875 0.8505809718749999 0.3796542859375
0 0.7891891546875 0.21787695468749999 0.7808802906250001 0.2126015578125 0.782407778125 0.2078419625 0.779148971875 0.2053222140625 0.7787008390625 0.21052028125 0.78003160625 0.21524562656250001 0.78240585 0.21826953750000003 0.7891891546875 0.21787695468749999
0 0.8108019140625 0.41793017656250003 0.8177679812499999 0.43889439843750006 0.82511425625 0.440086315625 0.824582365625 0.41921275781249995 0.8108019140625 0.41793017656250003
0 0.841392040625 0.4384807984375 0.8441211828125 0.4413831984375 0.854832734375 0.44082099843749994 0.8592074890625 0.4459196828125 0.8640082781249999 0.44187453125 0.8538776015625 0.43717794374999996 0.841392040625 0.4384807984375
0 0.87184388125 0.58830040625 0.8743864390624999 0.5797424999999999 0.8791724875 0.576691915625 0.9001759546875 0.579032753125 0.9143845734375 0.5769138828125 0.9061293828125001 0.56556653125 0.8913862921875 0.567867859375 0.8712068546875 0.5665611859374999 0.8566443078124999 0.563640509375 0.8411623531249999 0.56993785 0.8317908812500001 0.5561385249999999 0.8533595078125 0.5606961609375001 0.8519537828124999 0.555797928125 0.8344362453124999 0.5524161671875001 0.8367434484375 0.548043425 0.8496666625 0.54572275625 0.83556869375 0.5411739718749999 0.8313687015625 0.550923934375 0.8269494343750001 0.5477020296874999 0.8222800250000001 0.5375438171875 0.8202494203124999 0.54261925 0.8282948453125 0.5560166625 0.7892293921875 0.550432340625 0.7802837390625 0.5617831125 0.7755961234375001 0.5547829734375 0.7616055234375 0.5538931171875 0.7501642937499999 0.56073321875 0.75337794375 0.575926603125 0.7630934703125 0.57827588125 0.7788131765624999 0.5701773 0.7914323640625 0.5852963609375 0.780290909375 0.593956709375 0.7965999484374999 0.604780446875 0.818750353125 0.61138385625 0.8405229890625 0.6115395328125001 0.8631489 0.6224203593750001 0.865035765625 0.6148070515625 0.8675991171874999 0.6074563984375 0.8602871859375 0.6041851953124999 0.8590751640625 0.5960996781250001 0.8643207437499999 0.604325796875 0.8639055000000001 0.5956647859374999 0.872099371875 0.6033904109375 0.8772120953125 0.6037697171875 0.86791556875 0.5943969499999999 0.8694845640625 0.5918374921875 0.8754281296875 0.593653378125 0.881868696875 0.5930735265625 0.87184388125 0.58830040625
0 0.723445671875 0.5898926109375 0.732177775 0.6294079 0.735942571875 0.6295391312499999 0.7306792515625 0.5885360484375 0.723445671875 0.5898926109375
0 0.7399008515625 0.6649052984375 0.7289582046875 0.6456149124999999 0.7244715765625 0.6504857296875 0.731392109375 0.662389559375 0.7138543765625001 0.658359996875 0.72039373125 0.6636148890625 0.7379042140625 0.6660350578124999 0.7399008515625 0.6649052984375
0 0.704089346875 0.7165660859375 0.7118396390624999 0.713977971875 0.6990069296875 0.7021121796875 0.6950104859375 0.7041848453124999 0.7034935609375 0.71312708125 0.704089346875 0.7165660859375
0 0.67295581875 0.7508713390625 0.6780688968749999 0.7512506578125 0.6693299796875001 0.7113329546875 0.66477216875 0.7119784328125001 0.6678870265625 0.7213368109375 0.67295581875 0.7508713390625
0 0.5482786281250001 0.7764075984375001 0.543645515625 0.7726265078125001 0.541171090625 0.7852085578125 0.544581959375 0.7961856953125 0.5499709687500001 0.8128622609375 0.5488921625 0.8285092859375001 0.544429378125 0.8347882859375 0.5377336765625 0.8361635968750001 0.54020845625 0.8394670109375 0.55064170625 0.836613540625 0.5523844375 0.8284299296875 0.55565904375 0.8154735953125 0.5494565812500001 0.798366496875 0.5482786281250001 0.7764075984375001
0 0.6797259125 0.86498339375 0.6855400265625 0.8591534078124999 0.703737921875 0.8545597125000001 0.719655565625 0.8581308906249999 0.7349024656250001 0.8697216921875001 0.742936234375 0.8679911109375 0.7366217093749999 0.8601299078125001 0.7157681265625 0.8507562 0.6926884453125 0.8527669343750001 0.6777341453125 0.8584791375 0.6797259125 0.86498339375
0 0.8440471484375 0.799840471875 0.8550526984375001 0.8149032859374999 0.8629532484375 0.8092862859375 0.849895334375 0.7960228218750001 0.8440471484375 0.799840471875
0 0.8115297578125 0.7524107046874999 0.8161492421875 0.7553869671875 0.8073258718749999 0.75809573125 0.8249661546875 0.7681612515625 0.8363194625 0.764091884375 0.8146343937499999 0.7452800093749999 0.8115297578125 0.7524107046874999
0 0.8705380734375 0.7215217734375 0.8495222359374999 0.7263721359375 0.8345648859375 0.73188314375 0.8354566921875 0.736941440625 0.8547988312499999 0.7364091312500001 0.8563068609375 0.7302279578124999 0.8718157171875 0.725540528125 0.8705380734375 0.7215217734375
0 0.8116991046875001 0.6989130171875 0.8076214625 0.69618966875 0.7853822859374999 0.7002076453125 0.788970296875 0.7057618375 0.8020452484374999 0.7001852125 0.8116991046875001 0.6989130171875
0 0.870813675 0.53937796875 0.8744698203124999 0.5489563015625001 0.8843893875 0.547492278125 0.8953131781250001 0.541840671875 0.90342153125 0.54453636875 0.8981521062500001 0.5507872515625001 0.8977096109374999 0.5564020375000001 0.9109548890625 0.5450000515625 0.8989962203124999 0.537143196875 0.893838853125 0.534148184375 0.90447685 0.527481171875 0.9000511843749999 0.5200879875 0.9250946656249999 0.491200659375 0.92146918125 0.483433190625 0.912081034375 0.48451356093750003 0.9116555703125 0.49113438125000003 0.9032508453125001 0.48681964375 0.8972527781249999 0.481784709375 0.9149880906250001 0.48159856874999996 0.9137454093749999 0.4717021859375 0.9076243015625 0.47130366874999996 0.8806136609375 0.48321559374999995 0.8689894468749999 0.49280744218750006 0.8721309421875001 0.5060442734375 0.8743764578125001 0.5124256203125 0.87201276875 0.5220964125 0.874295703125 0.531232671875 0.871748646875 0.5379112953125 0.8689298484375 0.5364197640625 0.8662306421875 0.5262739125 0.861058153125 0.5193259390625 0.8559177609375 0.5221325328125 0.8640118359375 0.52878415625 0.8656176296875 0.5372000421875 0.870813675 0.53937796875
0 0.8625811421874999 0.46982973125000005 0.8691545625 0.4770966921875 0.8792509171875 0.470209709375 0.8654541359374999 0.46490293125 0.8625811421874999 0.46982973125000005
0 0.5093908828125 0.32493680937499997 0.514582315625 0.32994389375 0.53481625625 0.3344696140625 0.544534840625 0.337020353125 0.5654221296874999 0.33252040312500003 0.5779595546875 0.32692477656249996 0.5778715984375 0.321729803125 0.5578482484375 0.32964224531249997 0.543939046875 0.3335810828125 0.5236914828125 0.3282505328125 0.5093908828125 0.32493680937499997
0 0.7223534828125 0.278615128125 0.7207190109375 0.29438729218750004 0.71095190625 0.29689261875 0.706192578125 0.29957250625 0.7074527374999999 0.3030614984375 0.695753571875 0.30969338125 0.6826422187500001 0.31567675781250004 0.70005391875 0.31538503281249997 0.6993973734375001 0.3120669015625 0.703750790625 0.309073490625 0.7126429937500001 0.30219394374999997 0.7206148359375 0.3000752328125 0.7246973203125 0.292878475 0.7223534828125 0.278615128125
0 0.43896270781249996 0.2324014203125 0.42132292656250003 0.237978575 0.419615459375 0.2348952921875 0.4182616484375 0.2247641953125 0.4274650484375 0.22366968125 0.43913031093750005 0.22832227187499998 0.449968971875 0.2260463546875 0.4605318609375 0.2214609234375 0.468022071875 0.21694530156249997 0.46564112812499997 0.21597773281250002 0.4578841359375 0.2187149 0.439729134375 0.22179728124999998 0.422178946875 0.2187087078125 0.43165780312499996 0.2059476546875 0.46023215000000006 0.20375921406250003 0.4784292921875 0.2031657421875 0.49016049375000004 0.2117127671875 0.5010442828125 0.226059690625 0.508142115625 0.2402831484375 0.5063932828125 0.2487141203125 0.499409296875 0.255193190625 0.49649215625 0.250491975 0.49902598749999993 0.246511246875 0.500606946875 0.24214347187500002 0.49730680781250003 0.2427360984375 0.4959109953125 0.24410276562500002 0.4945245328125 0.2460005046875 0.4926794375 0.24876683281249998 0.49430302499999995 0.260853403125 0.48544997187499994 0.26868290781250004 0.48906519531250003 0.27270079687500004 0.50577348125 0.25399997343749997 0.506336653125 0.2593267984375 0.4961300984375 0.2710009953125 0.48803806875 0.2818645890625 0.47188629375 0.2915623984375 0.47548667812499995 0.29470369218750003 0.51805296875 0.28097300468749997 0.49398007499999996 0.2836721859375 0.5093048890625 0.26704585625 0.5134793046875 0.248261696875 0.50963365625 0.2306132984375 0.4963002078125 0.211219121875 0.48146935625 0.2011487265625 0.49324519375 0.19837473125 0.519015875 0.19818710625 0.5116246062500001 0.19456833906249998 0.49317884218749997 0.19445584375 0.48257998906250005 0.1969170359375 0.486515275 0.191923934375 0.4975396703125 0.1866607421875 0.5140354406250001 0.183343875 0.496017146875 0.17356454999999998 0.47525453906250004 0.19720651250000001 0.45946848593749995 0.20054811875 0.4270964046875 0.2018965171875 0.41689884218750006 0.214101775 0.41289195 0.2288229875 0.41088232500000005 0.2358292828125 0.397677709375 0.2380227296875 0.392529478125 0.24120466562499998 0.38906745468750004 0.246214265625 0.3846589109375 0.2511911359375 0.39764205937499997 0.24987454531250003 0.4043056328125 0.2524067203125 0.41415880312500003 0.24779655156249997 0.43896270781249996 0.2324014203125
0 0.4008803625 0.2875229515625 0.382584771875 0.310237496875 0.3859152359375 0.31141508125 0.4065947671875 0.2898451265625 0.430299334375 0.2793488328125 0.4632582921875 0.25679158750000003 0.460742128125 0.24785838125 0.44935863125 0.2458693421875 0.44351266718750004 0.24973435156249998 0.4477057015625 0.2599646828125 0.4302393953125 0.275808703125 0.44137748749999994 0.2632824015625 0.4397628875 0.2517266265625 0.427025578125 0.239606490625 0.42348827499999997 0.24019084999999998 0.4369955984375 0.25587613125 0.4299400015625 0.2720830453125 0.4220065 0.27835236874999997 0.4008803625 0.2875229515625
0 0.3344750890625 0.12376850625 0.32224437968749997 0.14483897343750002 0.3261089171875 0.1468164171875 0.33893637656250003 0.1246314109375 0.3344750890625 0.12376850625
0 0.4505989890625 0.7917108421875 0.4393625671875 0.7670358187499999 0.43489864375 0.7744841203124999 0.44603984687500003 0.79351419375 0.4505989890625 0.7917108421875
0 0.3714506921875 0.771251890625 0.365761809375 0.77536198125 0.36712510468750004 0.7773980734375 0.37330479375 0.776121921875 0.375782128125 0.7785283625 0.3829657875 0.758065334375 0.3802784953125 0.7563146093750001 0.37631200468750003 0.7705928171875 0.367960640625 0.7482630046875001 0.36047098593750004 0.7506530062500001 0.3714506921875 0.771251890625
0 0.33886068125 0.67776556875 0.3745963625 0.695416271875 0.375594175 0.6922123874999999 0.34234747187500003 0.6744075109375001 0.33886068125 0.67776556875
0 0.4166498640625 0.615289678125 0.4240917890625 0.61008065 0.4257385109375 0.6026813125 0.42322504531250005 0.5981198125 0.42230483124999996 0.5960991671875 0.4264369546875 0.5916035609375 0.43368260000000003 0.5878789859375 0.440067346875 0.5856159625 0.4447071171875 0.5849491671875 0.45182386562500004 0.5866888 0.4580516375 0.5882314234375 0.464514628125 0.5906107703125001 0.46966240625 0.593773065625 0.47323902812499996 0.59572055 0.47476210625000004 0.5941165875000001 0.46759763593750003 0.589558459375 0.45623648125000005 0.5856825703124999 0.4473354578125 0.5832182390625 0.4376016 0.5838729593750001 0.426148034375 0.5876163484375 0.42282945312500003 0.5878321875 0.419140415625 0.5923432390625 0.41926954843750003 0.5999702390625 0.4191631046875 0.6067605015625 0.41682368125 0.612478640625 0.41241106875 0.6134848703125 0.4091738953125 0.6185089500000001 0.410773121875 0.6213815265625 0.4166498640625 0.615289678125
0 0.3823107078125 0.57548319375 0.38784823125 0.575510459375 0.38917503125 0.57539095 0.39538315156250003 0.575773109375 0.3987270046875 0.5770497109375 0.40342291875 0.57969898125 0.405664315625 0.5812684046875 0.41385263281249995 0.5808910625 0.40804584374999997 0.5780373125 0.40247744062499996 0.5761861578125 0.39958229218749997 0.5752567125 0.3953578875 0.5742809328125 0.389366053125 0.5735750625 0.3860418546875 0.5734591890625 0.3824961140625 0.5733355921875 0.37739886718750004 0.5731579140624999 0.375390240625 0.572259371875 0.37026527656249997 0.570423675 0.3678669046875 0.5726598953125001 0.372335659375 0.5749697281249999 0.377213815625 0.575305528125 0.3823107078125 0.57548319375
0 0.4218448046875 0.3596302734375 0.4253683171875 0.371518228125 0.436491028125 0.364580159375 0.4383591203125 0.3539089625 0.4250763625 0.3542744828125 0.4218448046875 0.3596302734375
0 0.539688334375 0.1266359453125 0.5215834296875 0.1227855765625 0.514056065625 0.1180652453125 0.513926009375 0.11038375625 0.5132173640625 0.10763493125000001 0.50673793125 0.10617066718749998 0.5018766265625 0.10253409843750001 0.5012858109375 0.106723609375 0.508142640625 0.110925153125 0.51140014375 0.1176013015625 0.5138087265625 0.12300972031249999 0.5216631421875 0.1274936109375 0.5298215328125 0.13037832968750002 0.5389568890625 0.1323065359375 0.539688334375 0.1266359453125
0 0.6417064890625 0.15756744218750002 0.640281078125 0.1613562328125 0.6449474859375 0.17303459062499998 0.6477793484375 0.1741241328125 0.6486013500000001 0.173781159375 0.6455386609375 0.1688453578125 0.643457128125 0.1632005 0.6446768781250001 0.1570517796875 0.6417064890625 0.15756744218750002
0 0.818441625 0.46285908750000004 0.8139337718749999 0.469787596875 0.816145853125 0.4703590578125 0.8273437015624999 0.46180215156250004 0.818441625 0.46285908750000004
0 0.7735285249999999 0.921215884375 0.7867457515625 0.9141298156250001 0.784315790625 0.9096174484375 0.7728837546875 0.9162461578125001 0.7735285249999999 0.921215884375
0 0.8648036171875001 0.836422809375 0.8518470875 0.8417846734375001 0.8355148531250001 0.8382460625 0.8266199171874999 0.8403116125000001 0.8176116796875 0.8474211421875 0.8116974109375 0.8380098109375 0.8141681999999999 0.8315630875 0.8023575109375001 0.8255094968750001 0.8097330765624999 0.8530978796875001 0.8129958984375 0.857196190625 0.8064336375 0.8756739796874999 0.8089936124999999 0.8756264109374999 0.8135647109375 0.8647003859375 0.820751390625 0.8678248406250001 0.84121169375 0.877023065625 0.840391475 0.8826058218749999 0.8442457125 0.891498540625 0.8285035625000001 0.8926549406250001 0.8437814343750001 0.897733896875 0.866144871875 0.8951034296874999 0.8577983703125 0.883727925 0.8455881968750001 0.8764828343750001 0.8474833625 0.8712039812500001 0.85278151875 0.8676768953125 0.8725613578125 0.87547645625 0.8759783015625 0.8781361296875 0.8771949546875 0.8796631937500001 0.879620359375 0.8822718359374999 0.883636709375 0.885084425 0.9011084968749999 0.900245396875 0.8993420375 0.8854416796875 0.8968297859375 0.8837602765625 0.8926948843750001 0.8700685765625 0.899063025 0.8689623609374999 0.8990150218749999 0.8661271218750001 0.9027929078125 0.8587324734375 0.9073903703124999 0.8578301749999999 0.90947558125 0.8552464750000001 0.9100731468750001 0.8486263421875 0.904329575 0.84470719375 0.9045946078125 0.8394036609375 0.902733925 0.83429166875 0.8991520656249999 0.8323073437499999 0.8994891015625001 0.8312565375000001 0.8969678515625 0.8290435437499999 0.8937680312499999 0.8286663671875001 0.8883211781250001 0.8247942203124999 0.8822338406249999 0.8285907828125 0.8771083562499999 0.82967948125 0.8577326078124999 0.8231340078124999 0.86782431875 0.8331364296875 0.8648036171875001 0.836422809375
0 0.38687597500000004 0.7359140281250001 0.3668076375 0.731780584375 0.3705114359375 0.7375510546874999 0.38893155625000003 0.741136678125 0.40258878437499995 0.7538770046875001 0.4252735921875 0.757611284375 0.4161632578125 0.7617086328125 0.40765501562499995 0.7626385078125 0.4003966515625 0.7599325921875 0.3947532671875 0.7558113328125 0.3884499765625 0.7514218859375 0.38553074375 0.7532824015624999 0.3925029640625 0.7584312484375 0.400774571875 0.7628893062500001 0.41000540625 0.7659091625000001 0.42341331093749995 0.7639236234375 0.43023142812500004 0.759991559375 0.4347781046875 0.75745195625 0.439084346875 0.7600549671875 0.44833179999999995 0.76405640625 0.45222237343750005 0.76149393125 0.445553628125 0.7548840234374999 0.4516740859375 0.7484747328125 0.45644528125 0.7398106890625 0.4456822234375 0.7431148734375 0.4482193828125 0.738052315625 0.44454846875 0.734244996875 0.4357537265625 0.7376177921875 0.438859953125 0.7468016093750001 0.43177611718750003 0.7544037718750001 0.42581334374999996 0.7507620140625 0.4044488390625 0.7281868546875 0.40255509375000004 0.713158484375 0.398951021875 0.7132780390625 0.40027176875 0.7331922484375 0.3960611015625 0.7362342 0.38687597500000004 0.7359140281250001
0 0.67764846875 0.54731961875 0.6746333328125 0.5486922671875 0.68264760625 0.55545055 0.6855112875 0.5810110296875 0.6856651671875 0.5811300875 0.6891577109375 0.5810247078125 0.6869410453125 0.5757186109375 0.6853395734375 0.5529299703125 0.67764846875 0.54731961875
0 0.7247732250000001 0.5512565984375 0.7273844890625 0.5529390609375 0.727626203125 0.5515186171875001 0.72828485625 0.54330890625 0.7321292765625 0.5370776828125 0.729855015625 0.5373394859375 0.72495004375 0.5437608625 0.72471545625 0.54784458125 0.7247732250000001 0.5512565984375
0 0.42175914531250003 0.8267758171875 0.4330196125 0.83329714375 0.4360689546875 0.83868114375 0.44221927968749997 0.839065803125 0.43617539531249994 0.8315343953125 0.42951475937500005 0.827897265625 0.438426009375 0.816631096875 0.443858990625 0.8149477265625 0.44017783593750004 0.8092152328125 0.4267539171875 0.8260985515625 0.4219348078125 0.823717534375 0.42175914531250003 0.8267758171875
0 0.754620528125 0.3794528953125 0.742590671875 0.3832561546875 0.727588684375 0.3861517234375 0.7071949921875 0.388054996875 0.6989605953125 0.39380035 0.6587311671875 0.3988326109375 0.6689944437500001 0.40180451406250006 0.68910915625 0.39928825 0.703042203125 0.3967578640625 0.7154089484374999 0.39698785000000003 0.723840921875 0.40291197968750003 0.7293147375 0.4087329921875 0.7270239109375 0.41629449999999996 0.7308742265625 0.42145565625000003 0.7231300203125001 0.424403125 0.709036865625 0.41747704218750004 0.720828971875 0.4313607453125 0.7268675640625 0.43881015156250003 0.743275390625 0.43958317812500003 0.746910740625 0.43206880625000005 0.7403512984375 0.42560641875 0.7499165875 0.41910310156249997 0.75763354375 0.4145462421875 0.7656502734374999 0.41180936093750004 0.790597353125 0.395733340625 0.7813434453125 0.3924613875 0.76310509375 0.401854028125 0.7651597328124999 0.38283659375 0.7578576640625 0.3801690015625 0.7636751859375 0.37454022343750004 0.7624771484374999 0.3672595453125 0.7518970656249999 0.3614616265625 0.7596787453125 0.3607274359375 0.7550490375 0.357147553125 0.7616735593749999 0.3515471703125 0.770945884375 0.34362602343750004 0.781011934375 0.334928190625 0.78776895625 0.3371746078125 0.807982459375 0.340493353125 0.8333779484375 0.33239654218750003 0.8325054515625 0.328478775 0.8204990890625 0.3336904703125 0.8078870734375 0.334859553125 0.7906078828124999 0.33023573906250003 0.78010274375 0.3288641109375 0.7715757390625 0.33319164843750004 0.7596647625 0.34403714375 0.7501199140625 0.3517477015625 0.74434326875 0.35979070156250004 0.7414907140625 0.3659247421875 0.744527221875 0.3706556203125 0.751345559375 0.37652350156250003 0.754620528125 0.3794528953125
0 0.664396440625 0.23770061562499997 0.6621196312500001 0.2273962921875 0.6596681015625 0.230076665625 0.6610344328125 0.24092621875 0.654909509375 0.251724234375 0.647985709375 0.26190468437500003 0.6483220765625 0.2662423328125 0.6616738546875001 0.24763410000000002 0.664396440625 0.23770061562499997