0 0.31336375625 0.8820969734374999 0.33603769843750003 0.8818792156249999 0.353769840625 0.8871083828125 0.3857457015625 0.8973487109375 0.401442790625 0.9043209328125 0.40347784375 0.9019241078125001 0.39533829374999996 0.8980022328124999 0.36481613749999997 0.8879799109375 0.3354563484375 0.8790466265625 0.315980159375 0.879482390625 0.2956316140625 0.8777393359375001 0.289527115625 0.87098511875 0.281678571875 0.8624878468749999 0.290108796875 0.87665005 0.2997013890625 0.881225446875 0.31336375625 0.8820969734374999
0 0.48450760624999994 0.9169722218749999 0.49613525156250005 0.9252517359375 0.5068908734375001 0.9302631453125001 0.5144487437499999 0.9296093750000001 0.5153207671875 0.92590550625 0.5028210984375 0.9254697421875001 0.4955539015625 0.920240575 0.482182209375 0.9128325890625 0.4615429890625 0.911525296875 0.46183366406250004 0.913921875 0.47724040937499995 0.9145756453124999 0.48450760624999994 0.9169722218749999
0 0.572586640625 0.931134425 0.5798538359375 0.9298271328125001 0.5859583328125 0.9298271328125001 0.5877027109374999 0.9278663187499999 0.5804351859375 0.92590550625 0.5693892203125 0.9278663187499999 0.5624123671875 0.9276485609374999 0.555435846875 0.9254697421875001 0.55376455 0.9203608624999999 0.5563082015624999 0.9296093750000001 0.562994046875 0.9306986609375001 0.572586640625 0.931134425
0 0.70054795 0.921424603125 0.6867827375 0.916517609375 0.686950728125 0.9192857140624999 0.6992050265625 0.9244441968749999 0.70054795 0.921424603125
0 0.9194034390624999 0.9188834328125 0.9088277109374999 0.9128439984375 0.9113459 0.9162410718749999 0.9009381609375 0.9164928078125 0.9165496031249999 0.91938665625 0.916045965625 0.921022321875 0.9021130953125001 0.9180024796874999 0.9131924609375 0.9224062500000001 0.9006025125000001 0.9266842765625001 0.915542659375 0.9242936515625001 0.9188998015625 0.926558284375 0.92611805625 0.9266842765625001 0.9279646156249999 0.9269357640625 0.931322090625 0.9264325390625 0.9440796953125 0.9341076390625 0.9459262562499999 0.9328494546874999 0.9336719578125001 0.9255518359374999 0.924943121875 0.9213998015625 0.9128568125 0.90718204375 0.9194034390624999 0.9188834328125
0 0.935700065625 0.7026240078125 0.9459411375 0.70038516875 0.944803240625 0.6951614578124999 0.9273082015625 0.700491815625 0.9215122359375 0.6992948906249999 0.9204808203124999 0.7015580359375 0.9277347890625001 0.7027306546875 0.935700065625 0.7026240078125
0 0.9310062828125 0.65815079375 0.93413558125 0.6483427578125001 0.9283039015625001 0.655272321875 0.9280195109375 0.6640143843749999 0.9264546953125 0.6705176093749999 0.9234679234375 0.6770208328125 0.9234679234375 0.6835240578125 0.9270238093750001 0.6842266859375 0.9258859125000001 0.6798993062500001 0.9297261906250001 0.6713705359375 0.9325710984375 0.663055059375 0.9310062828125 0.65815079375
0 0.9005138890625 0.626856646875 0.9065912703125001 0.6335391859375 0.9087615734375 0.6384196421875 0.9083277109375001 0.6418360609375 0.9039867718749999 0.6489940468750001 0.892917659375 0.6628216765625 0.8727324734374999 0.6794407234375 0.8607949734375 0.6926178078125 0.8603611109375 0.699450396875 0.8655701062500001 0.7129528765625001 0.8770734125 0.72076165625 0.889444775 0.73784300625 0.8987777781249999 0.7391443453125001 0.9074593249999999 0.7365416671875 0.9139709 0.734751984375 0.9144047625 0.7306850203125 0.9098468921875 0.7334506453125 0.9033356484375 0.7349146828124999 0.8911812171875001 0.735728175 0.8885767203125001 0.731823909375 0.879894840625 0.719785465625 0.8703449078125001 0.7139290671875 0.8644847890625 0.704330853125 0.8623144843749999 0.695220734375 0.8651359125000001 0.690340278125 0.880329034375 0.676148809375 0.8961732796874999 0.6645984625 0.8998627640624999 0.6605314984375 0.9087615734375 0.646052828125 0.9115833328124999 0.6385696921874999 0.9065912703125001 0.6284833828124999 0.8996458328125 0.6184114578125001 0.8996458328125 0.6187224703124999 0.8957390875 0.617746528125 0.9005138890625 0.626856646875
0 0.8753369703124999 0.6330384421875 0.8846699734374999 0.633851934375 0.88358465625 0.6364548609375 0.8822824078125 0.6431247515625 0.8870572093750001 0.646540921875 0.8944368390624999 0.64686631875 0.8970413359375 0.641660465625 0.9005138890625 0.635966765625 0.8987777781249999 0.6309236109375 0.88987896875 0.6288087796874999 0.8820109125 0.6245158734375 0.8818482140624999 0.6315744046875 0.8742516531250001 0.6297849703125 0.8753369703124999 0.6330384421875
0 0.35437797656250003 0.9156408734375001 0.35546329375 0.9140138890625 0.33180555625 0.89025868125 0.3300691140625 0.8922147812500001 0.33679761875 0.90051165625 0.35437797656250003 0.9156408734375001
0 0.339402115625 0.8944923109375 0.3550291 0.8943296125 0.35090542343750003 0.891076140625 0.33158829375 0.89351636875 0.322472553125 0.8969325390625 0.3014193125 0.8996594734375 0.316395503125 0.901650296875 0.3265965609375 0.8987219734374999 0.339402115625 0.8944923109375
0 0.304023809375 0.9026264875000001 0.319651125 0.9270285218750001 0.31856580624999997 0.9140138890625 0.32594543593749997 0.9166168156250001 0.3357123015625 0.9258896328124999 0.3296349203125 0.9161287203124999 0.3359292328125 0.9203586312500001 0.3387509921875 0.9206837796875 0.352641534375 0.9198705359374999 0.352424603125 0.9171178078125 0.3433088625 0.9175930062500001 0.334192790625 0.915152778125 0.31856580624999997 0.9018129953124999 0.304023809375 0.9026264875000001
0 0.5002311515625 0.8993177078124999 0.504138228125 0.897040178125 0.49306878281250005 0.8949253468749999 0.4745115734375 0.8855786203125 0.47657341249999996 0.8903702875 0.49393716875000004 0.8988296124999999 0.5002311515625 0.8993177078124999
0 0.5184629625 0.8820734124999999 0.5212843921875 0.8716619546875 0.5295320765625 0.8620637406249999 0.5388650796875 0.8573459828125 0.546244709375 0.8571835312499999 0.5501514546874999 0.8568581343749999 0.5436402109375 0.85311631875 0.534307209375 0.8565327375 0.5221527781249999 0.8636907234375 0.515641534375 0.8762170140625001 0.5136881609375 0.883375 0.5076107796875 0.8870029765625 0.5091299609375 0.8902075890625 0.5136881609375 0.8882554562499999 0.5184629625 0.8820734124999999
0 0.6215042984375 0.77477505 0.6288839281249999 0.786 0.6362635578125 0.7957609125 0.646898478125 0.8047083328125 0.656665675 0.8086125984375 0.6640449734375 0.8068231640624999 0.6564484125 0.804545634375 0.6579679234375 0.8011294640625 0.6462473546874999 0.800966765625 0.63865079375 0.7947849703125 0.629318121875 0.782095734375 0.62020205 0.7668038187499999 0.6197681875 0.755904265625 0.616512565625 0.754928075 0.616729496875 0.7637127968749999 0.6215042984375 0.77477505
0 0.7246001984375 0.7431875 0.73480125625 0.7436755953125 0.74109556875 0.7405845734375001 0.7454365078125 0.7360295140625001 0.7588931875 0.729196925 0.744351190625 0.7345654765625 0.7523816140624999 0.7254553578125 0.7480410046875 0.7257807546875 0.7371888234374999 0.73960863125 0.7272046953125 0.7397713296874999 0.7111435187499999 0.73960863125 0.6964388234375 0.73907415625 0.696167328125 0.73960863125 0.7061514546875001 0.74237425625 0.7246001984375 0.7431875
0 0.7958449078125 0.7483087796875 0.8045264546875 0.7390359625 0.8027900125 0.7245572921875 0.80143353125 0.7246272328125001 0.799751653125 0.7335047125 0.7973640875 0.73984920625 0.7925889546875 0.7458685515625 0.7958449078125 0.7483087796875
0 0.7702218921874999 0.31437103125 0.777332340625 0.3135580359375 0.78359920625 0.3138291171875 0.8035446421874999 0.3168100203125 0.8027010578124999 0.31364831406250004 0.79287896875 0.3132869546875 0.779501653125 0.31148040625 0.7737166 0.3113901296875 0.7663650796875 0.31409995 0.7638945109375 0.31599702343749997 0.7716078046875 0.3292755453125 0.7740783734375001 0.328101190625 0.7721501328125 0.322591021875 0.76769080625 0.3174422125 0.7702218921874999 0.31437103125
0 0.8240324078124999 0.16839484062500001 0.82499669375 0.177247271875 0.8304199734375001 0.18835813437499999 0.8380122359375 0.1942294140625 0.8524742062499999 0.19034523750000001 0.8803138234375 0.175350446875 0.908755621875 0.1538516859375 0.9124917328125 0.1510515875 0.9146610453124999 0.1509610609375 0.9108042328125 0.1471671625 0.8933293656249999 0.160987846875 0.8817599203125001 0.1711049109375 0.8726005296875 0.177428075 0.8551256609375001 0.1861899796875 0.8442791 0.1905260421875 0.8427126328125001 0.19106795625 0.8366865078125001 0.1899838796875 0.8312635578125 0.18646106093749998 0.8277685187499999 0.172279265625 0.826322090625 0.1677626484375 0.828612103125 0.16442038750000001 0.8351200390625 0.1571939484375 0.84259193125 0.1497869546875 0.8448819437499999 0.1408439984375 0.8386150796875 0.1413861609375 0.8351200390625 0.1539419640625 0.8278888890625 0.1604459328125 0.8240324078124999 0.16839484062500001
0 0.852383928125 0.2087467765625 0.8572046953125 0.20468179531250003 0.8610611765625 0.1994427078125 0.8656408734375001 0.194926090625 0.8734745374999999 0.19230654687499998 0.8801028437499999 0.19248735156250002 0.8816696421874999 0.19077108125 0.8796207015625 0.1890545640625 0.8721488093750001 0.190590278125 0.858891865625 0.195259425 0.8558789687499999 0.1994427078125 0.852625 0.2050431546875 0.852383928125 0.2087467765625
0 0.8970654765624999 0.18664186562500001 0.8977886906249999 0.18510615156250002 0.9030912703125 0.1845642359375 0.9042966265624999 0.183299603125 0.9017655421875 0.18140252968749998 0.8907986109375001 0.18528670625000002 0.8904371687499999 0.185467509375 0.8916421953125001 0.18582886875 0.8970654765624999 0.18664186562500001
0 0.633284721875 0.2064228671875 0.6382860453125 0.18881944374999998 0.6350925921874999 0.185737103125 0.629910384375 0.20687450468750002 0.633284721875 0.2064228671875
0 0.6106276453125 0.20551959375 0.614604496875 0.208048859375 0.61918419375 0.2093134921875 0.61918419375 0.2083196921875 0.6136405421875 0.20551959375 0.6067711640625 0.20000942500000002 0.6042400796875 0.193790675 0.6023118390625 0.19621552656250002 0.6046018515625 0.1995577875 0.6106276453125 0.20551959375
0 0.45492625625 0.1615763890625 0.4490175265625 0.155162203125 0.42395601875000005 0.1392795140625 0.4070446421875 0.137599703125 0.402358465625 0.13958506875 0.402358465625 0.1430974703125 0.4296610453125 0.14966443437500002 0.43821858437500005 0.1530240578125 0.4347549609375 0.15943824374999999 0.42843849218749996 0.16707415625 0.42477083281250005 0.1708921125 0.417843584375 0.17669543593749998 0.404803240625 0.1823459828125 0.40072817499999996 0.18494196406250002 0.3964494046875 0.193188740625 0.4078594578125 0.183873015625 0.41906580625 0.1789861109375 0.4412748015625 0.1556202875 0.452277446875 0.16463070468750002 0.43842228906249997 0.1795969734375 0.425585978125 0.1860111609375 0.42762334687500003 0.20082465312500003 0.43067989375 0.19946006875 0.43353240781249996 0.18738566406249998 0.449424934375 0.17486259843750002 0.454722553125 0.1684486609375 0.45492625625 0.1615763890625
0 0.3702675265625 0.188503471875 0.3714900796875 0.1888087796875 0.38065872968750003 0.18544915625 0.3877900125 0.1868236609375 0.3855489421875 0.183158234375 0.3743425921875 0.1836165671875 0.3427609125 0.194001240625 0.340112103125 0.18010391875 0.3361901453125 0.183032490625 0.3380747359375 0.21064756875 0.3409272484375 0.21064756875 0.34133465625000003 0.1979719734375 0.3702675265625 0.188503471875
0 0.428744046875 0.18086755937500001 0.3932913359375 0.1857544640625 0.3500959 0.19827728125 0.34484953749999997 0.2063365578125 0.34907738125 0.2010262890625 0.3955327375 0.1880453875 0.42772552968750005 0.183158234375 0.428744046875 0.18086755937500001
0 0.2490836640625 0.29334771875 0.24958333281249998 0.29060193437500004 0.2282678578125 0.273501984375 0.23959160000000002 0.271235615625 0.24925033124999998 0.265993303125 0.25924173281249996 0.266492559375 0.2634050921875 0.2592529765625 0.2712318125 0.261375 0.2845539015625 0.2583794640625 0.300207671875 0.25763045625 0.312031084375 0.2582544640625 0.3288505296875 0.2633720234375 0.3321808859375 0.25613268906250003 0.323854496875 0.253511409375 0.317693121875 0.2431517859375 0.31552810781249996 0.2508903765625 0.31935846562500003 0.2568814484375 0.30104034375 0.254884425 0.284387565625 0.255758184375 0.3043707015625 0.2528874015625 0.303038690625 0.250640625 0.28405456406249996 0.251514384375 0.2752285046875 0.25450992031249997 0.27056580625 0.2518888890625 0.284387565625 0.243141865625 0.290049603125 0.23927256875 0.2905489421875 0.2347790171875 0.2890502640625 0.232407490625 0.28538657343749996 0.238898065625 0.276560846875 0.24326661718749998 0.28188955 0.23153372968750002 0.28688558125 0.2242943953125 0.28963326718750004 0.2205106640625 0.319608134375 0.22987202343750002 0.29346329375 0.2173903765625 0.2763941796875 0.22117410781250002 0.26981646875 0.2225079359375 0.271148478125 0.21751512968750003 0.285303571875 0.2120233140625 0.2986256609375 0.2136458328125 0.3122807546875 0.208403521875 0.2868022484375 0.20852827343749997 0.259575065625 0.22067485156250002 0.25191468281249996 0.218428075 0.24625264531250002 0.21817832343750002 0.25191468281249996 0.22279662656250002 0.26373809531250003 0.2246688984375 0.2605740734375 0.22853819375 0.2584090609375 0.23278199375000003 0.25990806875 0.2395220734375 0.2624057546875 0.24601264843749998 0.2659031078125 0.250006696875 0.26606944375 0.253376984375 0.25990806875 0.2521287203125 0.2469186515625 0.24838417656249998 0.2414232796875 0.2567470234375 0.24025760625 0.2613650796875 0.2510820109375 0.2572462796875 0.25641104531250003 0.25899355156250004 0.257909721875 0.2631125984375 0.25457903437499996 0.2651096234375 0.24508697031249999 0.2631125984375 0.23909193125 0.26774057500000004 0.2355949078125 0.2704866078125 0.23059920625000002 0.26836483125 0.22177314843749998 0.2686143359375 0.21677744687499997 0.2732326390625 0.2112817453125 0.28896949375 0.20778472187500002 0.3008271328125 0.216277778125 0.30569494062499997 0.22543683906249998 0.307816715625 0.22277215625000002 0.2999533734375 0.21810945781250002 0.2968328375 0.2157781078125 0.290716765625 0.22731018593750002 0.29587797656250003 0.2192751328125 0.29160044687500003 0.22910019843749999 0.279867559375 0.240757275 0.287855903125 0.2490836640625 0.29334771875
0 0.34051984062499996 0.21387847187500003 0.3431686515625 0.2192237109375 0.3509110453125 0.22472147812499998 0.36211739375 0.24274231093749998 0.3598759921875 0.2439640375 0.3523373015625 0.24243675625 0.346428571875 0.24335317500000003 0.3417420640625 0.24961458281249999 0.3417420640625 0.2629010421875 0.34479861093749997 0.26137375937499996 0.3458171296875 0.25236334375 0.3505036375 0.24671279687499997 0.35824603125 0.2483928578125 0.363339946875 0.24656026718750002 0.3639510578125 0.24121502968750003 0.35783862499999997 0.2322046125 0.352744709375 0.22288888906249998 0.3437797625 0.21616939531249998 0.3462248671875 0.21021329375 0.35152215625 0.20792261875 0.351318453125 0.20502108125000001 0.3458171296875 0.20807539687499998 0.34051984062499996 0.21387847187500003
0 0.45670899531250003 0.24539781718749998 0.4461140875 0.2392891859375 0.451411375 0.24493973281249998 0.4461140875 0.2570044640625 0.43979761875 0.2701381453125 0.44142757968749996 0.2791483140625 0.4457063484375 0.2844935515625 0.4495777109375 0.293045634375 0.45039285781249994 0.2959474203125 0.45365277812500004 0.29411483125000004 0.4489666 0.2820500984375 0.443465278125 0.2731924609375 0.45120767187500005 0.254102678125 0.45670899531250003 0.24539781718749998
0 0.5029606484375 0.218095734375 0.5003118390625 0.20709995 0.497459325 0.1965625 0.48849437812499996 0.1840396828125 0.475861771875 0.172433284375 0.4616793078125 0.1597361046875 0.460376653125 0.1643390375 0.4673042328125 0.1673936015625 0.48543783124999995 0.185261409375 0.4950142203125 0.1970205859375 0.49929298906249997 0.2202338796875 0.5029606484375 0.218095734375
0 0.6385062828125 0.2464501484375 0.7074252640625 0.23790897812499998 0.7062027109375 0.2353127484375 0.6383535046875 0.2426431046875 0.6385062828125 0.2464501484375
0 0.6316296296874999 0.341311259375 0.57091170625 0.3385625 0.561539021875 0.3396314484375 0.5664292328125 0.341311259375 0.6306107796875 0.345969990625 0.6434474203125 0.34757266875 0.6397797625 0.3414640375 0.6316296296874999 0.341311259375
0 0.5729494046875 0.3196254953125 0.584766865625 0.3196254953125 0.5839517203125 0.317029265625 0.570708003125 0.3159603171875 0.5664480937499999 0.31900116875 0.571115409375 0.3283303578125 0.588638228125 0.33474454374999996 0.5969920640625 0.33474454374999996 0.58598941875 0.331384671875 0.57193055625 0.324054315625 0.5729494046875 0.3196254953125
0 0.58497056875 0.3264977671875 0.5768204359375 0.33199553593750003 0.5705042984375 0.336882440625 0.5672443781250001 0.3327591765625 0.5618449078125 0.3358462296875 0.568262896875 0.3387150296875 0.576209325 0.33627157812499997 0.5872119703124999 0.3281775796875 0.58497056875 0.3264977671875
0 0.6621924609375001 0.3115314984375 0.65526488125 0.312294890625 0.631222221875 0.31687648749999997 0.6534312171875001 0.2982450390625 0.6454847890625001 0.29870312499999996 0.6255171953125 0.31687648749999997 0.618182209375 0.316418403125 0.618182209375 0.31825099218749997 0.59902943125 0.326344990625 0.6006593921875 0.3289412203125 0.6200158734375 0.3203891375 0.62327579375 0.320847221875 0.6061607140625 0.3308797125 0.623479496875 0.3242068453125 0.6285734125 0.31947271875 0.6613773140625 0.3136693953125 0.6621924609375001 0.3115314984375
0 0.61522784375 0.3986877484375 0.6146164015625 0.4102943953125 0.619782465625 0.41098566875 0.620321428125 0.410446925 0.6248039015625 0.382194196875 0.6443640875 0.36982415625 0.6466054890625 0.3653953375 0.629082671875 0.37318402812499996 0.6190988749999999 0.3823469734375 0.61522784375 0.3986877484375
0 0.5423356484374999 0.4237189984375 0.557209325 0.4235662203125 0.5688234125 0.4197482640625 0.5743247359375 0.4115017359375 0.571472221875 0.387066715625 0.5657671953125 0.37607118125 0.5409093921875 0.34522222187499996 0.5242017203125 0.3386552578125 0.541928240625 0.3502619046875 0.568415675 0.3884412203125 0.5704533734375 0.4134868546875 0.5590433203125 0.42142832343750003 0.5386679890625 0.41817460312500004 0.53153670625 0.41470858125000004 0.5297030421875 0.42265005 0.5423356484374999 0.4237189984375
0 0.516255290625 0.342931546875 0.509939153125 0.3501091265625 0.503215278125 0.36660267812499997 0.5058640875 0.36797718281249997 0.5081054890625001 0.362173859375 0.512384259375 0.3540798609375 0.5191078046875 0.34781845312500004 0.5180892859374999 0.33728075468749996 0.5140142203125 0.325521578125 0.5035208328125 0.317699653125 0.4960839953125 0.31895486093750003 0.51116170625 0.327048859375 0.516255290625 0.342931546875
0 0.057870370312499995 0.8767361109375 0.055224867187500006 0.880704365625 0.061838625 0.880704365625 0.065145503125 0.874751984375 0.072089946875 0.8702876984374999 0.07605820156250001 0.8705357140625001 0.0800264546875 0.865079365625 0.085207340625 0.8659888390624999 0.0886243390625 0.868799603125 0.08796296249999999 0.8732638890625 0.089947090625 0.8802083328125001 0.090939153125 0.8921130953124999 0.0945767203125 0.9007936515624999 0.09953703750000001 0.9050099203125 0.11144179843749999 0.905505953125 0.115410053125 0.9045138890625 0.1230158734375 0.900545634375 0.1253306875 0.8980654765624999 0.137896825 0.893601190625 0.1425264546875 0.894097221875 0.14971064843749998 0.9106726187499999 0.1521164015625 0.893353175 0.15839947031249998 0.8978174609374999 0.1666666671875 0.8896329359375 0.1706349203125 0.8824404765624999 0.1742724875 0.8814484125 0.1769179890625 0.878472221875 0.18154761875 0.8804563484375001 0.1822089953125 0.877976190625 0.184193121875 0.8767361109375 0.22265079375000002 0.8784990078125 0.2296997359375 0.860122271875 0.19935912656250002 0.8704590781249999 0.17882539687500001 0.8706887406250001 0.1641147484375 0.8642569437500001 0.1540013234375 0.8631083828125 0.143887896875 0.8575954859375001 0.14174239375 0.849785465625 0.1818902109375 0.8573658234374999 0.15154960312500002 0.844501984375 0.1382275125 0.8275463796875 0.134259259375 0.8177083328125001 0.11599900781250001 0.8123040671874999 0.12733829375 0.7992105656249999 0.1389844578125 0.7916302078124999 0.129483796875 0.7891034218749999 0.1111111109375 0.8112599203125 0.1074735453125 0.81299603125 0.103174603125 0.8172123015625001 0.09920634843750001 0.818204365625 0.09953703750000001 0.8206845234375001 0.0955687828125 0.82490079375 0.0952380953125 0.831101190625 0.08840377031249999 0.8431713796875 0.078042328125 0.8524305562500001 0.071759259375 0.8549107140625001 0.06812169375 0.859375 0.066137565625 0.8683035718750001 0.06349206406249999 0.8735119046875001 0.0621693125 0.875248015625 0.057870370312499995 0.8767361109375
0 0.18849206406250002 0.92137896875 0.196097884375 0.9208829359375 0.20701058125 0.9241071421875 0.2172619046875 0.9241071421875 0.2321428578125 0.92237103125 0.2354497359375 0.9198908734375 0.2354497359375 0.915674603125 0.2328042328125 0.908730159375 0.22949735468750002 0.9047619046875001 0.2321428578125 0.896825396875 0.2168277109375 0.8971197921874999 0.20395601874999997 0.8929848703125 0.197089946875 0.8839285718750001 0.176986771875 0.8872423109375 0.162276125 0.8975791171875 0.150630290625 0.9203201890624999 0.16779265937500001 0.9030920140625 0.176680225 0.8929848703125 0.18618088593749998 0.891147321875 0.19077777812500002 0.8971197921874999 0.1875 0.9025297625 0.1892453703125 0.9058487109375 0.18121693125 0.9099702375 0.18088624375 0.912450396875 0.1835317453125 0.9179067453125 0.18584656093750002 0.9203869046875001 0.18849206406250002 0.92137896875
0 0.382531084375 0.6323000984375 0.38588955 0.619824653125 0.381730159375 0.612654265625 0.3796504625 0.5895677078125 0.37817295 0.5760989578125 0.3835889546875 0.56876959375 0.3938187828125 0.5595233140625 0.40750892812500006 0.552644840625 0.4377493390625 0.535790675 0.45565046249999996 0.5274992562499999 0.468939153125 0.5215649796874999 0.49659259218749996 0.5175634921875 0.5145539015625 0.517096478125 0.513444775 0.51356324375 0.5004120375000001 0.5146024312499999 0.4832199078125 0.517414434375 0.4661663359375 0.5194928078125 0.447089946875 0.528769840625 0.43723842656249995 0.5327269343750001 0.4308111765625 0.5365520828125 0.40777414062500006 0.549449653125 0.3984788359375 0.552579365625 0.39384920625 0.5548115078125 0.3885582015625 0.559771825 0.3861868390625 0.56046329375 0.3801832015625 0.566035465625 0.374755290625 0.5759503968749999 0.37070105781249996 0.5874255953125 0.36805555624999997 0.5917658734375 0.36805555624999997 0.5957341265625 0.3726851859375 0.60342261875 0.382531084375 0.6323000984375
0 0.5674841265625 0.1469975203125 0.57247420625 0.157095734375 0.5794599875 0.155038690625 0.5874441140625 0.1391431046875 0.6076534390624999 0.13390699374999998 0.60715443125 0.1299799109375 0.5924338625 0.134655009375 0.6049090609375 0.1245567953125 0.6278627640625001 0.11670238125000001 0.60890079375 0.1152063484375 0.595427909375 0.12193874062500001 0.5727235453125 0.1451274796875 0.5617457015625 0.1266138390625 0.553262896875 0.12642683593749998 0.55800330625 0.1359640375 0.5674841265625 0.1469975203125
0 0.31812169375 0.7606646828125 0.31911375625 0.75967261875 0.316137565625 0.7425595234375 0.3164682546875 0.73115079375 0.3138227515625 0.7209821421875 0.311838625 0.702380953125 0.3072089953125 0.70262896875 0.30125661406250004 0.706101190625 0.29431216875 0.706597221875 0.291335978125 0.7085813484375 0.2916666671875 0.7170138890625 0.2953042328125 0.724454365625 0.2926587296875 0.7269345234375 0.3075396828125 0.75967261875 0.3045634921875 0.762896825 0.3105158734375 0.765873015625 0.3138227515625 0.7606646828125 0.31812169375 0.7606646828125
0 0.1436425265625 0.7381671625 0.1459877640625 0.7408040671875 0.14748677187499998 0.74404761875 0.1521164015625 0.7383432546875001 0.159391534375 0.7358630953125 0.171788359375 0.735237103125 0.177652115625 0.728790921875 0.159391534375 0.7296626984375 0.16335978906249998 0.7259424609375 0.165674603125 0.7266865078125 0.1666666671875 0.7259424609375 0.1709656078125 0.7204861109375 0.16866104531249998 0.7115037203125001 0.1526332671875 0.7202938984375 0.146769840625 0.7182428078124999 0.1475515875 0.7074017859375 0.15410052968750002 0.6959325390625 0.1511243390625 0.6976686515625 0.146164021875 0.6966765875 0.14318783125 0.6986607140625 0.13888888906250002 0.699652778125 0.13062169375 0.6994047625 0.1273148140625 0.703373015625 0.12103174531250001 0.7041170640625001 0.11871693125 0.705605159375 0.1167328046875 0.7085813484375 0.1177248671875 0.713045634375 0.1140873015625 0.7199900796875001 0.1205783734375 0.7258611109374999 0.1311329359375 0.729084078125 0.13777877031250002 0.735237103125 0.1436425265625 0.7381671625
0 0.1167328046875 0.666170634375 0.10713723593749999 0.6847938984375 0.10713723593749999 0.6924650296875 0.12390443124999999 0.703563740625 0.11454100468749999 0.689527034375 0.1184606484375 0.6784283234374999 0.12455787031250001 0.6776123515625 0.14045403437499998 0.6782651296875 0.1524308859375 0.676306546875 0.14176058125 0.67287896875 0.12107374374999999 0.674184771875 0.12107374374999999 0.666350446875 0.1321792328125 0.6580262890624999 0.138494378125 0.6559045140624999 0.1439384921875 0.6557155265625 0.1615767203125 0.6731798109375 0.161141203125 0.6645292656249999 0.1506888234375 0.65408358125 0.1496001984375 0.6478811999999999 0.1514550265625 0.6418650796875001 0.16236772500000002 0.6383928578125 0.16898148125 0.6297123015625 0.17361111093749998 0.6299603171875 0.177579365625 0.62822420625 0.18187830625 0.62450396875 0.184193121875 0.6202876984375 0.1894841265625 0.6210317453124999 0.19345238125 0.619295634375 0.19345238125 0.6175595234375 0.203373015625 0.6160714281249999 0.20502645468749997 0.619295634375 0.208664021875 0.61904761875 0.2073412703125 0.6148313484375 0.2179232796875 0.6046626984375 0.22123015937499999 0.599454365625 0.222222221875 0.5890376984375 0.22123015937499999 0.5863095234375 0.20502645468749997 0.5771329359374999 0.203042328125 0.5798611109375 0.196759259375 0.583829365625 0.19510582031249998 0.587549603125 0.1696428578125 0.5890376984375 0.166335978125 0.590277778125 0.1640211640625 0.5892857140625 0.1620370375 0.5865575390625 0.159391534375 0.5865575390625 0.15013227499999998 0.5895337296875 0.146164021875 0.5917658734375 0.1511243390625 0.593501984375 0.1511243390625 0.59697420625 0.1421957671875 0.6041666671875 0.1385582015625 0.6054067453124999 0.132417028125 0.619224384375 0.11867824062500001 0.62780555625 0.1147585984375 0.6312331343750001 0.1080082671875 0.6524513890625 0.11002347812499999 0.6592755453125 0.1167328046875 0.666170634375
0 0.23888128281249998 0.20858755 0.23243022500000002 0.2032103171875 0.22521990781249998 0.2108630953125 0.22711739375 0.21342286718749998 0.23888128281249998 0.20858755
0 0.2100410046875 0.3317678578125 0.191340278125 0.3412217265625 0.183180225 0.35083258906250003 0.1773518515625 0.37531646875 0.19666898125 0.4025265375 0.20033267187499998 0.40165302656249996 0.191839946875 0.388671875 0.18367989375 0.3796850203125 0.182347884375 0.3748172125 0.1835135578125 0.3675778765625 0.1940046296875 0.3570932546875 0.1995 0.35921502968749996 0.201998015625 0.3652063484375 0.19999966875 0.37207118125 0.19600297656250001 0.38055877968749996 0.19866732812500001 0.389545634375 0.205328703125 0.3896703875 0.2098247359375 0.397034721875 0.20083234062500002 0.38153769843749996 0.2073267203125 0.36730853125 0.20549503906250002 0.3571984125 0.20815939218750001 0.3560751484375 0.2098247359375 0.3435932546875 0.2164857796875 0.344217509375 0.21611276406250002 0.3346123515625 0.2167767859375 0.31705381875 0.21149007968750003 0.3179764390625 0.2130767203125 0.32152852187500003 0.2100410046875 0.3317678578125
0 0.263821428125 0.2036408734375 0.263321759375 0.198773065625 0.2603244046875 0.20101959374999998 0.26182308125 0.2055131453125 0.2541626984375 0.2101681546875 0.260490740625 0.21075545624999997 0.2626557546875 0.20800942500000003 0.263821428125 0.2036408734375
0 0.2243541671875 0.3969952875 0.22418783125 0.41646676562499996 0.23101554218749998 0.41559300625000006 0.23717691875 0.39624627968750004 0.2243541671875 0.3969952875
0 0.20649437812500002 0.417059028125 0.20899206406249998 0.41443799531250003 0.1973353171875 0.41281522812500004 0.1879679234375 0.4168705359375 0.19250595312500002 0.42080357187499995 0.1965026453125 0.41618551562499995 0.20649437812500002 0.417059028125
0 0.26838988124999996 0.5615880453125001 0.257869709375 0.5531396328125 0.269391865625 0.5394342765625 0.2841699734375 0.5475071921875 0.2931875 0.5456299609374999 0.295942790625 0.5315491078125001 0.2851719578125 0.5247904265625001 0.27214715625 0.525165921875 0.2678888890625 0.5315491078125001 0.25937268593749996 0.52066021875 0.223052909375 0.524602678125 0.230339615625 0.512355903125 0.2283670640625 0.507551090625 0.22417559531250003 0.5168834328125 0.22010780468750002 0.5197477671875 0.21603968281250002 0.5105079359375 0.202972553125 0.51429613125 0.215053240625 0.5168834328125 0.2172724875 0.5210411703125 0.20099999999999998 0.5236284718750001 0.1997671953125 0.5281560015625 0.21979662656249999 0.524602678125 0.2112804234375 0.5371815468750001 0.1967523140625 0.530798115625 0.183226521875 0.533051090625 0.1644404765625 0.5336143359375 0.150664021875 0.5309858625 0.1431494703125 0.54131175625 0.156424934375 0.5437524796875 0.1759626328125 0.5422504953125 0.1804712296875 0.5452544640625 0.182975859375 0.55332738125 0.1737083328125 0.5574575890625 0.1797199078125 0.55820858125 0.1852304890625 0.556706596875 0.186733134375 0.559147321875 0.17821693125 0.567595734375 0.182975859375 0.5674079859375001 0.190490409375 0.5604615578125001 0.1902400796875 0.5685344734375 0.19499900781249999 0.5610248015625 0.1939970234375 0.5685344734375 0.1872341265625 0.57135069375 0.1897390875 0.5782971234375001 0.19161772500000002 0.585466765625 0.21253273749999999 0.5760441468749999 0.232821759375 0.576607390625 0.25336111093749997 0.571162946875 0.26838988124999996 0.5615880453125001
0 0.3145410046875 0.5581416171875 0.3102827375 0.5962532234375 0.3137893515625 0.5962532234375 0.3213039015625 0.5596436015624999 0.3145410046875 0.5581416171875
0 0.33132308125 0.623880953125 0.315041996875 0.6270724203125 0.3213039015625 0.61618353125 0.317045634375 0.61148983125 0.30715178593750003 0.6291443453125 0.3090304234375 0.6302641375 0.3253115078125 0.6285744046875 0.33132308125 0.623880953125
0 0.349608134375 0.6672790171874999 0.345850859375 0.6652137890625001 0.3340783734375 0.6758747515625 0.3413422625 0.678543403125 0.3418432546875 0.675351934375 0.349608134375 0.6672790171874999
0 0.3779123671875 0.6755396828125 0.37365443125 0.674788690625 0.36613988124999997 0.711773809375 0.370899140625 0.7115860609375 0.37515707656249997 0.6841758437500001 0.3779123671875 0.6755396828125
0 0.48624537031250004 0.795620784375 0.4960138890625 0.7986245046875 0.4982681875 0.795620784375 0.49200628281250003 0.7941188 0.487748015625 0.7881111109375001 0.48649570156250005 0.7734670140625 0.4912549609375 0.758072171875 0.49426058125 0.7479342765625 0.49175595312500003 0.7361063984375 0.4874976859375 0.7394858625 0.48674636250000003 0.759949653125 0.48123577968750003 0.7757199906250001 0.4844920640625 0.7879233625000001 0.48624537031250004 0.795620784375
0 0.32906878281249996 0.81021006875 0.343847221875 0.8073938484375001 0.3608796296875 0.81227505 0.3663902109375 0.8179074906249999 0.36814384843750003 0.8118995531250001 0.3541167328125 0.8060796124999999 0.332575396875 0.8034511406249999 0.313288359375 0.8115243062499999 0.307527446875 0.8186584828125 0.315041996875 0.8205357140625 0.32906878281249996 0.81021006875
0 0.2067089953125 0.74798363125 0.1947486765625 0.7599422125 0.202200396875 0.7654437 0.21221957656249998 0.75173834375 0.2067089953125 0.74798363125
0 0.2375181875 0.7111418656249999 0.2417764546875 0.7085133921875 0.23877050312499998 0.7017547125 0.2188574734375 0.7186128468749999 0.22950264531250003 0.7227817453125 0.2457840609375 0.7139580859375 0.2375181875 0.7111418656249999
0 0.2011984125 0.692165178125 0.21923313437499997 0.6932916671875 0.2199844578125 0.688597965625 0.20595767187499997 0.6829657734375 0.1862949734375 0.6777532234375 0.185167659375 0.6814637890624999 0.1996954359375 0.686344990625 0.2011984125 0.692165178125
0 0.26206514531249997 0.6656934531250001 0.265321428125 0.6606245046875 0.2445317453125 0.65614930625 0.24077447031250002 0.6585592765625 0.2497916671875 0.660061259375 0.26206514531249997 0.6656934531250001
0 0.1576147484375 0.453051090625 0.1521041671875 0.4575567953125 0.1443392859375 0.46131175625000004 0.14383829374999998 0.45511631875 0.135071759375 0.4538020828125 0.13181547656249998 0.46093625937500005 0.1556111109375 0.488722221875 0.151603175 0.495480903125 0.1616226859375 0.5020518359375 0.15686342656250002 0.5046803078125001 0.14584226250000001 0.5116267359375 0.15836640156249998 0.5227033734375001 0.157865409375 0.5174466765625 0.1528558203125 0.5114389874999999 0.1603700390625 0.5091860125000001 0.17063988125000001 0.5148182046875001 0.1799077375 0.5165079359375 0.183164021875 0.507684028125 0.187972221875 0.5058196921875 0.189335978125 0.49801438437499995 0.1967744703125 0.49206746093750003 0.191939484375 0.4892797625 0.18722850468750002 0.4955984625 0.184873015625 0.5049833828125 0.1822695109375 0.5062842265625 0.17979034375 0.4999657734375 0.181773809375 0.4915099203125 0.1794183203125 0.4824037703125 0.18141038437499998 0.4765188484375 0.1841292984375 0.4642624015625 0.1731445109375 0.454928571875 0.1477834 0.44292782812500003 0.1420849875 0.44310069375000005 0.141083003125 0.45230009843749996 0.1576147484375 0.453051090625
0 0.186983796875 0.43832415625000004 0.174209325 0.4428298609375 0.1837275125 0.4495885421875 0.1897390875 0.443017609375 0.186983796875 0.43832415625000004
0 0.484053571875 0.3293697921875 0.4930707671875 0.32730456406249997 0.5118568125 0.3237375984375 0.5166160718749999 0.319231646875 0.5033406078125 0.32186011875 0.48455456406249997 0.32617807499999996 0.47152943125 0.3220478671875 0.45274338593749996 0.31400868125 0.45274338593749996 0.3188561515625 0.46451620312499997 0.324488590625 0.484053571875 0.3293697921875
0 0.33522784375 0.2980952375 0.339332340625 0.3010317453125 0.3387728171875 0.3041083828125 0.3550046296875 0.3049474203125 0.34269080625 0.2989342765625 0.3316828703125 0.2923616078125 0.3328022484375 0.28914508906249997 0.3283244046875 0.2864880953125 0.31918220937499997 0.2838311015625 0.31741005312500004 0.2690520828125 0.31545072812499997 0.28229290625000003 0.319369046875 0.28914508906249997 0.3268320109375 0.29138268906250003 0.33522784375 0.2980952375
0 0.535836640625 0.19578745 0.539583003125 0.20057738125000002 0.5296663359375 0.1979345234375 0.5124771828125 0.19743923593749999 0.5056458328125 0.20057738125000002 0.5296663359375 0.20159127031250001 0.5406848546874999 0.204564484375 0.527021825 0.2134841265625 0.5149014546874999 0.23115773750000002 0.5115959 0.24751016875 0.5157827375 0.265184028125 0.53032738125 0.2812061015625 0.5078495375000001 0.2779025296875 0.547736771875 0.29210763906250004 0.551042659375 0.2892919140625 0.535836640625 0.27971180625000003 0.5281236765624999 0.26930555625 0.5184272484375 0.2580736609375 0.51886805625 0.25311855156249996 0.5347347890624999 0.2711225203125 0.538040675 0.2674888390625 0.5296663359375 0.25989062500000004 0.53098875625 0.24865872968749997 0.5292255296875 0.24601587343750003 0.5279034390625 0.24419890937500002 0.52658101875 0.2428774796875 0.52349603125 0.242216765625 0.525038359375 0.2463462296875 0.5274626328124999 0.2501453375 0.524818121875 0.2544397328125 0.5182070109375 0.24816319375 0.5164441140625 0.2402346234375 0.5228346562499999 0.2271857640625 0.532751653125 0.214144840625 0.543549934375 0.2065466265625 0.56051851875 0.20769295625 0.58718353125 0.21066617031249998 0.596218915625 0.2228891375 0.579911375 0.22520163750000002 0.562942790625 0.22173288750000003 0.5556703046875 0.21892485156250002 0.5534665999999999 0.21975074375 0.56051851875 0.22421056562500002 0.5704351859375 0.228835565625 0.5805724203125 0.23131324375 0.5913707015624999 0.2273489578125 0.599965278125 0.22867038750000002 0.5988634265624999 0.2380853171875 0.5973207671874999 0.24090848281250002 0.5807929890625 0.23512723281249998 0.6041524468749999 0.250308284375 0.61340806875 0.25493328437499996 0.6195783734375 0.2527859625 0.6316990734375 0.2544377484375 0.6275119046875 0.24964756875 0.6242063484375 0.2448576390625 0.619358134375 0.24171924531250003 0.6070171953125 0.23924156718749998 0.6050337296875 0.232634671875 0.6010671296875 0.218759671875 0.5913707015624999 0.2070322421875 0.5611795640625 0.2047197421875 0.5464146828125 0.20108606093749998 0.52669146875 0.17833680624999998 0.510053240625 0.186880953125 0.5254791671875 0.1905146328125 0.535836640625 0.19578745
0 0.6345638234375001 0.309634425 0.61715443125 0.2878313484375 0.5973207671874999 0.278581596875 0.5898280421875 0.272469990625 0.58299669375 0.25710863125 0.5953376328125 0.24290352187500003 0.5920317453124999 0.2422428078125 0.5803521828125 0.2531443453125 0.5790297625 0.26388095312500004 0.5896078046875 0.275938740625 0.5730796953125 0.26057738124999996 0.5768260578125 0.251162203125 0.5713167984374999 0.24736334375000002 0.5607390875 0.24884995000000001 0.558535053125 0.25710863125 0.5896078046875 0.2792420640625 0.611865409375 0.2898134921875 0.6314785046875 0.3106254953125 0.6345638234375001 0.309634425
0 0.672314153125 0.137762153125 0.684619046875 0.1588928578125 0.6881894843749999 0.1571723703125 0.6764583328125 0.1371016859375 0.672314153125 0.137762153125
0 0.58305125625 0.7587849703125 0.593134259375 0.7413799609375 0.58885648125 0.73428050625 0.578773809375 0.7569528765625 0.58305125625 0.7587849703125
0 0.6505638234375 0.744913690625 0.6563432546875 0.7463063 0.6575816796875 0.744449653125 0.652214946875 0.7404270828125 0.6621226859375 0.7215520828125 0.655104828125 0.719076884375 0.6476739421875 0.739653521875 0.6437519843749999 0.7261934531249999 0.6412751328125 0.727740575 0.6482929890625 0.7470798609375 0.6505638234375 0.744913690625
0 0.6778101859375 0.6509546125 0.6471061515625001 0.6664962796875 0.648086640625 0.6695200890625 0.6811127640625 0.6542033734375 0.6778101859375 0.6509546125
0 0.5626316140625 0.568741071875 0.5686173937500001 0.5667299109374999 0.57439715625 0.5654923109375 0.5810023140625 0.564099703125 0.5853369703125 0.5648732640625 0.59132308125 0.5671939484374999 0.598134590625 0.5709072421875 0.602056546875 0.5752390875 0.6012308203125001 0.5770957343750001 0.5989603171875 0.5812728171875 0.6006117718749999 0.5882348703125 0.6076296296875 0.5933405265625 0.6132027109375 0.5992194937499999 0.6146478171875 0.596589534375 0.6115515874999999 0.591793403125 0.6074232796875 0.5907103171875 0.605152778125 0.5852953875 0.604946428125 0.5789521328125 0.604946428125 0.5718353171875 0.60143716875 0.567503471875 0.5983409390625 0.5671939484374999 0.5876074734375 0.563326140625 0.5785254625 0.5623980656249999 0.5702688484375 0.5644092265625 0.5597417328125001 0.567658234375 0.5531365734375 0.571680803125 0.5545813484375001 0.5732279265625 0.557883928125 0.5715260421874999 0.5626316140625 0.568741071875
0 0.623729828125 0.5582207343750001 0.6268260578125 0.5571376484375 0.6326058203125 0.5569828875 0.6338442453125 0.5571376484375 0.6390046296875 0.5572924109375 0.6437519843749999 0.5572924109375 0.6482929890625 0.5571376484375 0.652421296875 0.5551264875 0.65015079375 0.5529605656250001 0.6454034390625 0.5545076890625 0.643545634375 0.55528125 0.6387979500000001 0.55528125 0.6354953703125 0.55528125 0.632399140625 0.55528125 0.6268260578125 0.5557452875 0.6229044312500001 0.5565188484375 0.6202209 0.5572924109375 0.615060515625 0.558839534375 0.6096937828125 0.5613149796875 0.6173310187500001 0.5619337796874999 0.619395171875 0.56054141875 0.623729828125 0.5582207343750001
0 0.5832728171875 0.3485935015625 0.585182209375 0.358617559375 0.5956577375000001 0.365457340625 0.59875396875 0.35447271874999997 0.5956577375000001 0.3493670640625 0.5832728171875 0.3485935015625
0 0.5020631609375 0.1344875984375 0.5093125 0.1305567953125 0.5114718921875 0.125585565625 0.5144024468749999 0.1194583328125 0.520726521875 0.11575868125 0.5201097890625 0.1118278765625 0.5156365734375 0.1150649796875 0.50962103125 0.1162212296875 0.50900396875 0.1187646328125 0.50900396875 0.1259322921875 0.5020631609375 0.13009449374999998 0.4852506609375 0.1331001984375 0.486021825 0.138418403125 0.494505290625 0.1369154265625 0.5020631609375 0.1344875984375
0 0.387884259375 0.1580813484375 0.38911805625 0.1638618546875 0.3872671953125 0.169064484375 0.384490740625 0.1735731640625 0.38526223593750003 0.17392013906249998 0.387884259375 0.1729950390625 0.3920489421875 0.162243303125 0.39066071406249997 0.1586594734375 0.387884259375 0.1580813484375
0 0.2224527109375 0.4366693953125 0.23302380937499997 0.44502306562499994 0.2350763890625 0.4445615078125 0.2307658734375 0.4379459328125 0.2224527109375 0.4366693953125
0 0.2803786375 0.8627375984375 0.269619709375 0.8561765875 0.26742625625 0.860310515625 0.2798561515625 0.867356646875 0.2803786375 0.8627375984375
0 0.1620370375 0.8118385421875001 0.1620370375 0.8144841265625 0.16798941875 0.81572420625 0.1643518515625 0.828373015625 0.1620370375 0.8298611109375 0.1606243390625 0.8436252484375 0.1766683203125 0.8300386906250001 0.1803670640625 0.8275434031250001 0.182586309375 0.8251867562499999 0.1836960984375 0.8238005953125 0.18683862499999998 0.8214285718750001 0.2051498015625 0.8147901781250001 0.2101431875 0.8182557046875001 0.211992725 0.8232460312500001 0.2007275125 0.8296130953124999 0.19312830625 0.8399623015625 0.21401190468750003 0.8431460812499999 0.22817030468750002 0.8389012890625 0.21348082031249999 0.8373092765625 0.2169325390625 0.82913194375 0.21608002656249997 0.8238928578125 0.23500330625000002 0.815970734375 0.24165178593749997 0.81328745 0.246084325 0.8236374015625 0.2484709 0.8237651296875 0.2420634921875 0.806299603125 0.24503968281250002 0.802579365625 0.251478175 0.777061259375 0.24056646874999998 0.78232886875 0.2429709 0.7884283234375 0.2376074734375 0.7970228171875 0.22909986718750003 0.7900917656249999 0.22077744687499998 0.787873759375 0.205612103125 0.79064608125 0.19345238125 0.7852182546875001 0.1905853171875 0.7820515875 0.199832671875 0.7730411703125 0.18187830625 0.778521825 0.177084325 0.7773385421875 0.17135119062499998 0.773595734375 0.166335978125 0.7770337296875 0.16335978906249998 0.7772817453124999 0.1610449734375 0.7792658734375 0.1613756609375 0.7802579359374999 0.1580687828125 0.781994046875 0.15641534375 0.7867063484375 0.15674603125 0.7916666671875 0.1514550265625 0.7951388890625 0.1521164015625 0.8013392859374999 0.15410052968750002 0.8038194437499999 0.15839947031249998 0.8048115078125001 0.1620370375 0.8118385421875001
0 0.580450396875 0.7312068453125 0.5890056218749999 0.727771825 0.5929778437500001 0.7254816468749999 0.5972552906249999 0.72800074375 0.6036716265625001 0.7318938484374999 0.6161987437499999 0.7341840281249999 0.62475396875 0.73166493125 0.6323925265625 0.727771825 0.63880919375 0.72319146875 0.63605919375 0.721359375 0.6302539687500001 0.7252524796875 0.6250595234375 0.7289166671875 0.6183376328125 0.7312068453125 0.61039351875 0.73006175625 0.60183829375 0.7259397328125 0.622920965625 0.72319146875 0.6354480812500001 0.7117408234375 0.65255853125 0.708992559375 0.6559193125 0.7037254468749999 0.637281415625 0.706931546875 0.628726190625 0.706931546875 0.62475396875 0.703954365625 0.625670634375 0.685404265625 0.6223098546875 0.685175346875 0.6207820765625 0.6991450890625 0.6012271828125 0.71952728125 0.5957275125 0.7227333828125 0.5890056218749999 0.715405009375 0.591755621875 0.706931546875 0.583505953125 0.7034962796875 0.5801448406249999 0.706931546875 0.5825892859375 0.7117408234375 0.5725062828125 0.70830555625 0.577089615625 0.7165500984375 0.5828948406250001 0.7227333828125 0.5767840609375 0.7286877484375001 0.580450396875 0.7312068453125
0 0.35623445781249996 0.5263732640625001 0.355101521875 0.547597965625 0.353119378125 0.5524799109375 0.3563759921875 0.5526919640625 0.3565175265625 0.5525858140625 0.35878306875 0.5288142359375 0.366145503125 0.5227651296875 0.3633138234375 0.5213854171875 0.35623445781249996 0.5263732640625001
0 0.3194570109375 0.52034375 0.3191739421875 0.5165233140625001 0.3145013234375 0.510368303125 0.3123776453125 0.5100498515624999 0.3160588625 0.5159928078125 0.3168022484375 0.523679315625 0.317049934375 0.5250133921875 0.3194570109375 0.5235275296874999 0.3194570109375 0.52034375
0 0.598994709375 0.7914248515625 0.5928445765625 0.79460391875 0.5873306875 0.8014389875000001 0.593056546875 0.801280009375 0.5958134921875 0.79635243125 0.6062050265625001 0.7906302078125 0.60599305625 0.787769096875 0.6015393515625 0.7898353171875 0.5887622359375 0.77363516875 0.5854219578125 0.778867559375 0.5905119046875 0.780616071875 0.598994709375 0.7914248515625
0 0.273149140625 0.3281686515625 0.281915675 0.335866071875 0.288177909375 0.341310515625 0.2839196421875 0.3445022328125 0.29118353125 0.345440971875 0.28141468281250004 0.3505099203125 0.2804130296875 0.3572686015625 0.28592361093749996 0.36271329375 0.279160384375 0.3649662703125 0.28137533124999997 0.3827889390625 0.26422949687499997 0.37342584375 0.2556567453125 0.37617956406249997 0.279160384375 0.3920009921875 0.286674934375 0.3948172125 0.2939388234375 0.3993229171875 0.30295601875 0.4057061015625 0.296944775 0.4115262890625 0.3004513890625 0.41866046562500003 0.3157308203125 0.41847271875000003 0.321241071875 0.4117140375 0.33201190468749997 0.39913516875 0.318986771875 0.4051431046875 0.311722884375 0.4021391375 0.315229828125 0.397445684375 0.3129755296875 0.390311259375 0.31798511875 0.3850545640625 0.32575 0.3797978671875 0.337271825 0.379985615625 0.35029695781250003 0.38280158750000004 0.369083003125 0.38580555625 0.37860119062500003 0.38336483125 0.3410291 0.3773571421875 0.33326422031249997 0.37172495 0.31422784375 0.3692842265625 0.300200728125 0.366092509375 0.2889292328125 0.36215005 0.2919351859375 0.35952157812499996 0.298197090625 0.35426488125 0.30095238125 0.3499466765625 0.298197090625 0.3441267359375 0.2926865078125 0.336429315625 0.2836693125 0.32891964218749997 0.27239748750000004 0.3184060015625 0.264382275 0.3140880453125 0.2546134265625 0.3150267859375 0.238582671875 0.31878149843750003 0.22681018593750002 0.3172795140625 0.215538359375 0.3120228171875 0.2147870375 0.31565228125 0.238582671875 0.3240384421875 0.2573687171875 0.32159771875 0.263630621875 0.3197202375 0.273149140625 0.3281686515625
0 0.37347288437500004 0.242101190625 0.3862099875 0.2599094734375 0.3864550265625 0.25587053593750003 0.3798416 0.24614012968750001 0.3739629625 0.2358591265625 0.3750651453125 0.225773809375 0.3727380953125 0.22319146875 0.3707787703125 0.2327380953125 0.37347288437500004 0.242101190625